1502026416	0
2492782375	0
293212315	0
191839658	0
3020965143	0
2157382005	0
1947320929	0
255846106	0
1733095801	0
1336097480	0
380322177	0
32988810	0
21959183	0
1553611423	0
348080571	0
839690880	0
143687056	0
2291421004	0
2337494094	0
225241810	0
375114767	0
52929021	0
1657000316	0
325967359	0
585912212	0
2419936286	0
2320414572	0
262531823	0
226315121	0
492649414	0
56554591	0
85193539	0
166211662	0
222290847	0
2765166293	0
2497379616	0
69991603	0
357747403	0
430285181	0
1141299306	0
37407255	0
112295272	0
208664282	0
348393966	0
1245621752	0
329481796	0
131043638	0
150183040	0
91287122	0
2244762307	0
344457551	0
2360378178	0
398467095	0
2400711853	0
32494880	0
2362812823	0
509255384	0
86565348	0
250207934	0
238040058	0
476876406	0
190345460	0
1376257824	0
714550385	0
474152548	0
1373517728	0
177906959	0
2248762537	0
462534253	0
93941188	0
22437394	0
1195136336	0
1956659528	0
1175224910	0
578904059	0
454183646	0
318040219	0
558782771	0
1425572605	0
103668192	0
50034798	0
2574200442	0
53114456	0
1495594020	0
1387377110	0
1892545526	0
489714722	0
278811330	0
64534012	0
138472981	0
1727495887	0
440901699	0
185216671	0
32831822	0
2938551012	0
241347721	0
20301520	0
1191129162	0
49709134	0
58797847	0
392080330	0
1120863444	0
1261040287	0
2257926470	0
96815122	0
120833703	0
58477691	0
22798846	0
381753637	0
2718118608	0
581233948	0
1194760087	0
3140424071	0
434832511	0
517639654	0
468080275	0
622956477	0
149723283	0
742326175	0
2311184364	0
2251878995	0
2378140945	0
519445792	0
2920448851	0
252882696	0
41950696	0
2941150861	0
2204112777	0
484522355	0
1874015534	0
59689509	0
1897930380	0
58702972	0
508355849	0
3164941860	0
110122113	0
866157062	0
231257304	0
884366718	0
208913421	0
229875064	0
341900539	0
136245387	0
745638440	0
1544322560	0
1505023116	0
119112245	0
368134512	0
485384525	0
2152052819	0
634704287	0
2557136665	0
92999280	0
372835779	0
1858934186	0
282427769	0
40219052	0
1408912964	0
40008819	0
777083114	0
24080811	0
990963038	0
448697610	0
110928853	0
54552304	0
2772354013	0
2799099042	0
400983194	0
497404180	0
14587971	0
3022543596	0
121976265	0
2914171005	0
2644167680	0
33764583	0
223345906	0
420189045	0
1668189836	0
375299270	0
23444554	0
1465761582	0
44686891	0
2561813863	0
2445641666	0
344317888	0
2511944460	0
2618119582	0
88345204	0
2214453095	0
221475117	0
26528107	0
101669097	0
2977924797	0
2317599350	0
165077100	0
2202044150	0
73237856	0
2356425746	0
3018260990	0
1135530474	0
834680701	0
3007481400	0
235696520	0
2257069046	0
5812422	0
1086489391	0
2294138446	0
19325141	0
2596423866	0
100837759	0
887505716	0
80477690	0
250364288	0
2302538826	0
505440359	0
3033858666	0
121268938	0
573301009	0
1456643797	0
56032903	0
1536909666	0
300264746	0
344261687	0
19849696	0
1057635702	0
2290983830	0
713804306	0
613345676	0
1499931151	0
17801629	0
157029836	0
26203719	0
933183398	0
299271462	0
888320442	0
266794738	0
498418001	0
2347977979	0
2223611410	0
330169460	0
2210140580	0
21257459	0
874719912	0
2778387798	0
23808818	0
79894962	0
11630862	0
635818294	0
614447598	0
485273674	0
169194549	0
2563768914	0
990902802	0
1376920032	0
442079113	0
456357565	0
461572767	0
722623	0
139956067	0
18989002	0
359219562	0
147474106	0
902817020	0
18581153	0
275931291	0
578481944	0
208388521	0
457808323	0
2200425967	0
2785200258	0
553317912	0
2444483352	0
170554164	0
563333511	0
620078665	0
836742500	0
2243809497	0
18576332	0
528006498	0
798613004	0
413675359	0
985768968	0
3010585944	0
428628035	0
19300510	0
14247395	0
763095612	0
2382912776	0
747385746	0
33651270	0
1311456667	0
304261771	0
1093553114	0
282506597	0
193609769	0
367414177	0
403783820	0
2224804969	0
468308770	0
1877304734	0
16484437	0
35377886	0
2183434100	0
568015457	0
57549666	0
30059111	0
708043502	0
153690249	0
2828821663	0
44850701	0
1528172522	0
1032838123	0
2508074020	0
2259016411	0
1561409924	0
764731350	0
2694552757	0
113231814	0
250399342	0
16944013	0
368801289	0
1107989989	0
45449023	0
1705146012	0
2159485357	0
1353072290	0
333005444	0
323494341	0
492728332	0
630413999	0
589834497	0
227133540	0
1226238145	0
469595996	0
2983156296	0
250549433	0
2367477707	0
42244063	0
1578395316	0
94735361	0
1670962238	0
14391111	0
236449587	0
2654027174	0
421391363	0
228978063	0
2402922414	0
1333119788	0
450939144	0
25121744	0
2448332095	0
2423000125	0
540416380	0
525965404	0
471512676	0
43897661	0
506892551	0
889661521	0
190114317	0
161662393	0
22201064	0
57572464	0
771812148	0
967352869	0
124359379	0
1280865181	0
225683965	0
1557371234	0
144074129	0
109139576	0
380143624	0
706364737	0
1686842737	0
270654915	0
9272142	0
602307139	0
3048199577	0
2868402013	0
546533556	0
961709562	0
210704864	0
469739735	0
621021228	0
2781727178	0
143217021	0
528800946	0
745579297	0
2697960505	0
2991390654	0
194476539	0
3061358054	0
2424503989	0
451144632	0
2735881390	0
198249025	0
421577024	0
59230786	0
546312443	0
80119212	0
27372659	0
872703248	0
1549052863	0
127037804	0
1424238228	0
78989741	0
298742535	0
165277911	0
2882736641	0
15805367	0
220467586	0
232547074	0
535758794	0
48552476	0
2770511	    0
490440829	0
542231259	0
1435964180	0
69379288	0
248453338	0

a_id,average_lenth_from_tweets,average_number_words_per_tweet,average_time_between_tweets,creation_content_sources,creation_date,default_profile,default_profile_image,desviacion_tipica_average_tweet_time,isabot,last_24_hours_tweet,lexical_diversity,location,name_length,name_letters_amount,name_numbers_amount,number_of_hashtags,number_of_mentions,number_of_tweets,number_of_urls,percent_negative_tweets,percent_neutral_tweets,percent_positive_tweets,ratio_friends_followers,smog_index,total_number_of_words,total_unique_words,verified
1502026416,14.4,1.3,103459580,1,2013-06-11 11:20:35,False,False,1243783.2195992637,0,2,0.77380952381,True,8,4,4,0,46,3736,6,0,100,0,1.25090909091,8.1,168,130,False
2492782375,111.5,3.46,3613710,1,2014-05-13 10:37:57,False,False,9854.616819541996,0,20,0.770601336303,True,8,4,4,5,82,12501,53,0,100,0,1.81940700809,9.2,449,346,False
293212315,79.94736842105263,7.09,761799490,3,2011-05-04 23:30:37,False,False,19876148.80683377,0,0,0.590341382182,True,11,4,0,8,62,1861,33,15,36,47,0.731404958678,8.8,1201,709,False
3020965143,72.4,6.88,615633750,3,2015-02-06 04:10:49,True,False,8356843.898651268,0,0,0.589545844045,True,15,1,3,9,70,140,17,0,45,55,3.95833333333,8.6,1167,688,False
2157382005,125.65,9.69,909540,2,2013-10-28 16:08:18,False,False,5040.031232790131,0,87,0.560763888889,True,12,6,2,36,86,56647,43,10,65,25,0.682080924855,10.7,1728,969,False
1947320929,85.4,8.16,107108860,1,2013-10-08 15:59:30,False,False,1149131.2151797723,0,3,0.549865229111,True,15,14,1,3,91,15381,39,20,50,30,0.0826972010178,10.2,1484,816,False
255846106,62.85,6.11,5304520,2,2011-02-22 04:37:34,False,False,20312.011238673535,0,19,0.50040950041,True,15,14,1,15,25,85758,13,25,50,25,0.240223463687,7.4,1221,611,False
1733095801,79.8,6.43,104422690,1,2013-09-05 20:52:02,True,False,278276.420495211,0,4,0.660164271047,True,13,12,1,22,71,9520,65,0,60,40,0.334837545126,9.5,974,643,False
1336097480,69.94736842105263,6.28,57620420,1,2013-04-08 08:37:42,False,False,1429259.846406423,0,0,0.647422680412,True,8,6,1,7,68,5929,23,10,52,36,0.6925795053,9.6,970,628,False
32988810,99.5,4.73,594315510,2,2009-04-18 19:46:36,False,False,5426641.807553936,0,0,0.356711915535,True,13,12,1,5,98,4583,16,30,45,25,0.92,9.0,1326,473,False
21959183,108.55,10.0,54645750,2,2009-02-26 02:33:21,False,False,398171.89133263787,0,1,0.58858151854,True,7,3,1,29,44,13075,62,30,55,15,0.92417331813,11.7,1699,1000,True
1553611423,60.0,6.78,20404140,2,2013-06-28 17:14:55,False,False,145856.35990773467,0,0,0.703319502075,True,9,9,0,1,68,25531,23,0,63,36,0.770897832817,8.8,964,678,False
348080571,121.95,9.41,629455030,1,2011-08-03 21:05:06,False,False,8216249.393507231,0,0,0.61826544021,True,9,6,3,39,100,324,39,5,40,55,3.02127659574,9.0,1522,941,False
839690880,109.55,7.94,43308030,3,2012-09-22 12:50:00,False,False,408262.6660723583,0,4,0.503168567807,True,8,6,2,62,33,4176,75,10,40,50,0.0540622627183,9.5,1578,794,False
143687056,68.55,5.65,2676150,1,2010-05-14 04:08:41,False,False,7433.352002293448,0,29,0.555009823183,True,13,6,0,9,87,10136,31,5,50,45,1.08884337819,10.5,1018,565,False
2291421004,75.8,5.44,5072930,1,2014-01-19 10:38:59,False,False,19379.119852562966,0,22,0.566077003122,True,12,12,0,9,80,12998,26,20,35,45,0.188042430087,9.3,961,544,False
225241810,91.75,7.44,103546260,1,2010-12-11 02:33:14,False,False,26586.201456582698,0,5,0.556886227545,True,11,11,0,5,56,14369,25,25,45,30,1.22149837134,8.4,1336,744,False
52929021,76.3,6.54,4382340,1,2009-07-02 01:48:26,False,False,15128.825232317278,0,28,0.612359550562,True,15,15,0,1,74,92874,15,5,75,20,0.435754189944,8.4,1068,654,False
325967359,90.52631578947368,8.83,143473960,1,2011-06-29 04:44:21,False,False,2860584.9932376435,0,0,0.649264705882,True,5,1,1,11,74,21592,35,15,63,21,0.065445026178,9.1,1360,883,False
585912212,70.85,8.15,26731710,1,2012-05-20 19:09:52,False,False,126626.52681822833,0,5,0.620243531202,True,6,1,1,2,88,28124,47,30,55,15,0.583518930958,9.2,1314,815,False
2419936286,51.65,5.77,28699570,3,2014-03-31 03:47:30,False,False,163767.04527220211,0,1,0.59118852459,True,4,2,2,0,54,7564,20,10,55,35,0.0108049394009,6.8,976,577,False
262531823,101.5,10.85,686270,1,2011-03-08 06:40:22,False,False,1548.1601176880897,0,100,0.635245901639,True,8,2,0,8,83,369000,41,45,45,10,0.0897582855719,8.9,1708,1085,False
226315121,78.8,8.37,49525020,2,2010-12-13 21:40:42,False,False,195194.33486915033,0,7,0.64533538936,True,10,10,0,14,93,13239,56,5,90,5,1.59226190476,11.1,1297,837,False
492649414,125.85,6.56,4604460,2,2012-02-14 23:42:32,False,False,20104.97828716808,0,17,0.359255202629,True,13,9,0,27,54,136688,74,0,100,0,0.127320954907,10.4,1826,656,False
56554591,83.1,7.72,128419920,2,2009-07-14 00:55:42,False,False,2607953.7841925663,0,0,0.548295454545,True,12,11,1,9,67,17739,49,25,50,25,0.994033412888,10.8,1408,772,False
85193539,101.4,9.62,10600280,3,2009-10-25 23:46:57,False,False,116249.39115938415,0,6,0.592,True,9,9,0,3,69,42744,55,15,45,40,0.8249222674,9.8,1625,962,False
166211662,47.45,5.65,22023660,1,2010-07-13 16:21:01,False,False,49305.255645291,0,11,0.634118967452,True,11,11,0,1,37,117116,31,5,65,30,0.578181818182,8.2,891,565,False
2765166293,94.6,7.93,9931390,1,2014-09-09 00:24:35,True,False,65013.65131376256,0,9,0.632881085395,True,6,4,1,4,99,3106,74,25,45,30,1.01923076923,10.1,1253,793,False
69991603,57.15,6.66,102930890,1,2009-08-29 23:29:57,False,False,784208.2072318932,0,0,0.621268656716,True,8,7,1,6,31,760,29,35,50,15,1.02083333333,8.5,1072,666,False
357747403,58.25,7.45,41451750,2,2011-08-18 21:01:43,False,False,424525.2558254073,0,1,0.791710945802,True,11,1,0,6,63,2280,41,0,95,5,0.957446808511,8.0,941,745,False
1141299306,51.45,5.07,1781570,1,2013-02-02 02:51:27,False,False,4803.797105155462,0,36,0.695473251029,True,12,12,0,7,65,72135,44,5,70,25,0.293602103418,10.1,729,507,False
37407255,121.25,10.24,2784010,4,2009-05-03 12:17:01,False,False,24453.663695804356,0,7,0.682211858761,True,7,5,2,40,41,327233,68,5,60,35,0.0480266714723,11.1,1501,1024,True
112295272,129.3,11.25,8700460,2,2010-02-07 23:56:34,False,False,66841.62199279353,0,12,0.597133757962,True,8,8,0,12,78,22200,43,15,20,65,0.0691176470588,10.5,1884,1125,False
208664282,104.7,8.59,165216990,3,2010-10-27 17:57:56,False,False,1715394.5983333136,0,0,0.667962674961,True,13,5,0,15,60,14934,48,10,45,45,0.388235294118,10.1,1286,859,False
348393966,99.5,7.08,65604290,2,2011-08-04 10:45:50,True,False,726457.2518188717,0,2,0.504992867332,True,9,8,0,3,63,24351,55,0,95,5,0.48275862069,8.1,1402,708,False
1245621752,108.4,8.39,354004600,2,2013-03-06 08:50:36,False,False,3130691.8027018,0,0,0.587535014006,True,11,11,0,12,58,3908,81,15,25,60,0.0211428571429,9.6,1428,839,False
329481796,51.63157894736842,5.21,116253330,2,2011-07-05 04:34:40,False,False,1113967.305203784,0,0,0.603009259259,True,9,9,0,1,69,6918,8,5,57,36,1.17647058824,8.6,864,521,False
131043638,104.1,7.71,152738950,1,2010-04-09 03:07:55,False,False,1374684.498431491,0,1,0.488283723876,True,13,13,0,1,33,4145,24,15,35,50,1.125,8.8,1579,771,False
150183040,67.44444444444444,6.16,716688490,3,2010-05-31 08:46:49,True,False,28773621.967339747,0,0,0.582230623819,True,12,12,0,4,54,4616,13,11,50,38,1.23788546256,7.9,1058,616,False
91287122,102.35,8.25,3193260,1,2009-11-20 06:48:12,False,False,4134.073101675876,0,57,0.530205655527,True,11,10,1,2,87,52171,35,5,25,70,0.871934604905,8.7,1556,825,False
2244762307,49.55,5.57,286938760,1,2013-12-14 00:59:39,False,False,1723475.8912978296,0,0,0.666267942584,True,12,3,2,10,3,512,13,30,40,30,1.35640138408,8.1,836,557,False
344457551,73.95,7.0,34654010,1,2011-07-29 02:54:50,False,False,80334.8489518092,0,0,0.664136622391,True,12,4,3,4,71,56928,57,35,45,20,0.751706484642,9.4,1054,700,False
2360378178,97.3,8.77,38137890,1,2014-02-25 02:47:04,True,False,272444.46382852044,0,4,0.611149825784,True,15,5,0,2,98,4682,67,20,50,30,0.536585365854,10.4,1435,877,False
2400711853,80.65,7.92,670026260,3,2014-03-21 01:12:05,False,False,13136644.5091298,0,0,0.654004954583,True,12,12,0,47,42,3767,73,5,65,30,1.22329427981,9.3,1211,792,False
32494880,92.0,8.54,35653000,2,2009-04-17 17:44:34,False,False,119773.52410094645,0,6,0.609564596717,True,11,11,0,49,6,9962,84,35,30,35,0.988269794721,8.7,1401,854,False
2362812823,79.6,6.38,7709340,1,2014-02-26 15:03:49,False,False,55072.47120967063,0,0,0.592386258124,True,11,11,0,0,75,15963,42,0,85,15,0.771226415094,10.9,1077,638,False
86565348,60.45,8.32,2179180,1,2009-10-31 17:11:53,False,False,8058.985882075983,0,36,0.648985959438,True,10,7,3,7,59,82378,18,20,70,10,0.664990859232,8.2,1282,832,False
250207934,59.35,7.06,69728340,1,2011-02-10 16:50:55,False,False,177294.1699571647,0,0,0.738493723849,True,7,7,0,15,78,26314,20,0,95,5,0.611256544503,8.0,956,706,False
238040058,85.5,8.41,15726170,2,2011-01-14 06:27:01,True,False,61631.81065916772,0,14,0.582409972299,True,10,10,0,2,61,18320,49,10,45,45,2.17073170732,9.9,1444,841,False
1376257824,91.65,8.77,53783600,4,2013-04-24 05:45:43,False,False,500627.61975749,0,1,0.659894657637,True,13,13,0,40,85,5911,72,0,50,50,1.2427184466,10.0,1329,877,False
714550385,109.9,9.56,8266720,2,2013-10-14 14:49:40,False,False,78786.76657440639,0,4,0.553561088593,True,15,11,4,24,74,17126,43,20,45,35,0.200723327306,9.5,1727,956,False
474152548,88.7,6.75,386275120,2,2012-01-25 18:10:35,False,False,5631065.172163526,0,0,0.63679245283,True,12,9,3,30,77,20789,51,10,75,15,1.17200674536,10.0,1060,675,False
1373517728,99.9,7.19,19818520,2,2013-04-23 01:32:11,False,False,253462.7381127007,0,8,0.536167039523,True,7,7,0,1,44,118440,46,15,30,55,0.88253968254,9.8,1341,719,False
177906959,118.85,11.14,482784880,1,2010-08-13 10:53:42,False,False,6026143.800099175,0,0,0.653755868545,True,13,8,0,24,76,994,36,25,50,25,2.41040462428,10.1,1704,1114,False
2248762537,68.55,6.35,8883690,1,2013-12-16 13:27:47,True,False,39408.448497086254,0,13,0.663531870428,True,14,14,0,1,41,21686,53,25,65,10,0.33236574746,8.4,957,635,False
462534253,66.2,7.42,8817240,2,2012-01-13 01:58:00,False,False,51473.90691855438,0,13,0.595983935743,True,6,2,0,3,63,37607,59,10,40,50,0.912850812408,8.7,1245,742,False
93941188,93.25,7.98,70939850,2,2009-12-01 20:54:37,False,False,472045.74911870563,0,0,0.682634730539,True,9,9,0,7,24,4534,79,20,45,35,1.06993006993,10.9,1169,798,False
22437394,67.8,5.61,17686890,2,2009-03-02 02:05:44,False,False,91260.92182166471,0,8,0.682481751825,True,11,11,0,11,59,52269,24,0,95,5,0.0207809619574,9.1,822,561,False
1195136336,31.25,4.2,4499340,1,2013-02-18 22:36:27,True,False,1676.9105230583264,0,0,0.667726550079,True,13,13,0,0,32,19496,1,6,62,31,1.13131313131,6.5,629,420,False
1175224910,35.2,3.68,1039470,1,2013-02-13 12:53:41,True,False,5090.145666874378,0,97,0.525714285714,True,14,14,0,26,96,44330,4,5,85,10,0.0612427358069,7.2,700,368,False
578904059,94.5,8.43,342092170,3,2012-05-13 12:11:09,False,False,4571532.4725899,0,0,0.715012722646,True,15,15,0,60,6,17626,86,0,95,5,0.295953757225,8.6,1179,843,False
454183646,33.26315789473684,5.69,426112080,1,2012-01-03 18:25:34,False,False,3194391.546822798,0,0,0.591476091476,True,11,11,0,4,55,8718,23,31,68,0,0.507645259939,9.5,962,569,False
318040219,59.78947368421053,8.7,193940080,2,2011-06-15 21:32:42,False,False,791096.6327248443,0,0,0.642540620384,True,12,4,1,4,87,7916,50,10,57,31,0.759797724399,9.7,1354,870,False
558782771,105.65,8.78,6956390,2,2012-04-20 16:54:44,False,False,33782.512336266525,0,7,0.569390402075,True,13,13,0,6,58,10720,49,15,30,55,1.42386831276,9.0,1542,878,False
50034798,71.4,7.14,21885920,2,2009-06-23 17:11:58,False,False,296854.8409867818,0,2,0.611825192802,True,10,6,0,24,2,24063,81,0,85,15,3.3320802005,10.2,1167,714,False
2574200442,65.95,6.22,46754090,1,2014-06-18 05:42:51,False,False,335359.394526991,0,1,0.570119156737,True,7,7,0,3,44,22719,21,15,45,40,0.540372670807,8.4,1091,622,False
53114456,120.4,9.41,245281640,1,2009-07-02 16:42:05,False,False,449435.5145150275,0,0,0.50537056928,True,12,6,1,15,71,9517,34,10,30,60,0.182746878547,9.4,1862,941,False
1495594020,94.8,9.37,82433400,2,2013-06-09 13:33:02,False,False,396210.9568368188,0,0,0.616042077581,True,15,15,0,3,78,2685,63,10,40,50,0.908794788274,9.1,1521,937,False
1387377110,92.35,7.03,164486550,1,2013-04-28 16:44:04,True,False,20708.495937416603,0,0,0.5800330033,True,10,9,0,3,70,4972,70,5,65,30,0.913432835821,11.2,1212,703,False
489714722,68.2,4.88,42901320,3,2012-02-11 20:20:44,False,False,155914.21648453837,0,0,0.635416666667,True,9,6,0,27,43,2177,91,0,90,10,4.58536585366,10.9,768,488,False
64534012,63.75,6.02,10585640,2,2009-08-10 22:22:34,False,False,46169.011588158355,0,14,0.616171954964,True,11,11,0,1,42,22450,42,20,50,30,0.945544554455,8.0,977,602,False
138472981,107.95,8.31,237661070,2,2010-04-29 16:56:32,True,False,2599690.2502614614,0,0,0.57949790795,True,11,4,0,2,91,2810,23,15,25,60,1.92907801418,9.4,1434,831,False
1727495887,44.0,4.32,518729650,1,2013-09-04 03:40:00,True,False,4662485.711882035,0,0,0.682464454976,True,11,11,0,11,40,2755,49,12,81,6,0.537634408602,9.6,633,432,False
440901699,113.4,8.76,19779890,1,2011-12-19 14:47:57,False,False,207298.44551235784,0,6,0.550597108737,True,15,15,0,0,92,27874,54,25,35,40,0.611028315946,9.6,1591,876,False
185216671,91.85,9.37,43350960,1,2010-08-31 13:46:05,False,False,292930.7001211379,0,1,0.674586033117,True,10,10,0,9,80,21649,49,0,90,10,1.58194774347,11.2,1389,937,False
32831822,76.85,7.72,111206990,2,2009-04-18 08:19:02,False,False,294825.426576453,0,1,0.679577464789,True,13,13,0,16,79,24999,52,0,90,10,0.382944489139,10.6,1136,772,False
2938551012,76.35,0.16,788975370,1,2014-12-21 19:45:06,True,False,4772736.446555798,0,0,0.0166666666667,True,15,12,3,0,0,1110,100,0,100,0,1.19090909091,12.2,960,16,False
241347721,111.25,10.92,254147760,2,2011-01-22 01:48:16,False,False,661868.1840644612,0,3,0.605321507761,True,11,11,0,5,91,2982,50,25,25,50,1.2776203966,9.9,1804,1092,False
20301520,84.85,8.97,230954250,2,2009-02-07 09:44:01,True,False,991432.5062803456,0,0,0.611035422343,True,7,7,0,38,63,1826,38,15,40,45,5.1268115942,9.7,1468,897,False
49709134,88.35,7.08,384527230,2,2009-06-22 18:04:31,False,False,2234542.1846099393,0,0,0.534339622642,True,11,11,0,8,75,21846,21,30,35,35,0.292978208232,8.3,1325,708,False
392080330,92.0,7.65,94199160,1,2011-10-16 14:40:14,True,False,677575.3406914059,0,2,0.571748878924,True,13,11,2,5,83,14270,52,10,47,42,0.830472103004,9.5,1338,765,False
1261040287,69.05,5.42,10601120,1,2013-03-12 03:46:22,False,False,121405.84666814857,0,7,0.598233995585,True,14,14,0,10,74,32131,33,10,70,20,0.238681493249,9.3,906,542,False
2257926470,87.75,7.82,21526030,2,2013-12-22 16:53:47,False,False,190128.74170109053,0,2,0.676470588235,True,9,5,0,2,71,25268,44,5,80,15,0.4773960217,8.6,1156,782,False
96815122,110.5,10.7,100153650,2,2009-12-14 18:39:40,False,False,233675.67153174075,0,1,0.591487009397,True,9,4,2,14,63,5052,22,25,50,25,0.565982404692,7.8,1809,1070,False
120833703,116.85,10.09,35312400,1,2010-03-07 18:10:17,False,False,382499.81056733546,0,1,0.623995052566,True,9,9,0,30,60,6934,80,15,40,45,0.873966942149,10.7,1617,1009,False
22798846,84.05,8.89,66547940,3,2009-03-04 16:55:35,False,False,591625.8788070781,0,1,0.591877496671,True,11,11,0,35,69,17564,39,10,55,35,1.66888150609,10.0,1502,889,False
381753637,81.8,4.87,11284060,2,2011-09-28 21:46:53,True,False,90961.08140038518,0,2,0.541111111111,True,7,6,1,20,97,35407,40,0,45,55,0.516030534351,12.1,900,487,False
2718118608,109.26315789473684,9.62,23389730,2,2014-08-08 22:48:50,False,False,152048.88225635598,0,0,0.64390896921,True,13,13,0,24,82,11925,51,21,52,26,1.29411764706,10.7,1494,962,False
1194760087,107.6,8.21,12462850,3,2013-02-18 20:11:15,False,False,38892.569016812195,0,9,0.603232916973,True,14,14,0,12,50,8858,62,30,35,35,0.640520694259,9.5,1361,821,True
3140424071,96.7,4.94,201314200,1,2015-04-06 13:40:28,False,False,2448967.1067617694,0,0,0.310301507538,True,14,6,0,9,99,244,100,10,25,65,2.73684210526,7.2,1592,494,False
434832511,58.75,4.7,1062210280,1,2011-12-12 11:08:18,True,False,3256713.260942463,0,0,0.55359246172,True,12,12,0,31,83,223,26,0,90,10,5.39285714286,10.0,849,470,False
468080275,66.75,6.84,13012450,1,2012-01-19 04:41:15,True,False,91162.32802724763,0,3,0.482369534556,True,9,9,0,0,64,7602,23,30,30,40,0.715242881072,7.8,1418,684,False
622956477,28.0,5.0,0,1,2012-06-30 14:52:22,False,False,0.0,0,0,1.0,True,12,12,0,0,1,1057,0,0,0,100,1.40760869565,0,5,5,False
149723283,64.2,5.46,6674770,1,2010-05-30 02:05:18,False,False,54674.245474446194,0,8,0.606666666667,True,10,10,0,0,37,49910,19,15,25,60,0.575699745547,8.3,900,546,False
2311184364,47.8,5.84,8242150,2,2014-01-26 04:39:04,False,False,43361.20473891379,0,0,0.680652680653,True,12,12,0,0,31,5628,13,20,60,20,1.27272727273,7.3,858,584,False
2251878995,88.2,9.85,10734410,1,2013-12-30 11:37:30,False,False,47596.31904738012,0,12,0.621843434343,True,11,11,0,3,95,13404,49,0,95,5,1.22510822511,11.2,1584,985,False
2378140945,67.7,5.59,78618100,3,2014-03-08 04:34:16,False,False,430171.3618763457,0,3,0.735526315789,True,8,4,0,14,87,11241,34,0,75,25,1.25609756098,9.2,760,559,False
519445792,41.78947368421053,4.99,555061200,1,2012-03-09 12:31:08,False,False,5581380.081120867,0,0,0.592636579572,True,9,9,0,22,64,29575,22,15,47,36,0.755137991779,9.3,842,499,False
252882696,81.15789473684211,7.52,251119020,2,2011-02-16 03:14:35,False,False,3116880.4718721285,0,0,0.529204785362,True,9,9,0,3,21,15649,7,21,42,36,2.08527131783,8.1,1421,752,False
41950696,122.15,10.18,810850020,1,2009-05-23 01:57:30,False,False,8646170.495271172,0,0,0.612883804937,True,11,11,0,71,66,651,78,15,60,25,1.98915009042,9.9,1661,1018,False
2941150861,75.82352941176471,6.93,36938520,1,2014-12-23 20:29:30,False,False,77897.54153042591,0,0,0.6015625,True,8,8,0,4,48,3583,33,29,58,11,1.30126582278,8.9,1152,693,False
484522355,109.1,9.61,3277540,1,2012-02-06 06:17:30,False,False,6459.491728456659,0,23,0.59763681592,True,13,13,0,16,95,135329,25,10,60,30,0.0343605970971,11.0,1608,961,True
1874015534,100.7,8.44,23335390,1,2013-09-17 03:51:30,True,False,139501.54176720593,0,5,0.616959064327,True,14,14,0,4,82,5630,48,20,45,35,0.967136150235,9.1,1368,844,False
59689509,74.5,8.04,7819300,3,2009-07-24 04:27:57,True,False,39607.26698801623,0,9,0.630094043887,True,9,9,0,5,63,11170,58,15,55,30,0.770833333333,9.8,1276,804,False
1897930380,99.95,9.57,411783620,1,2013-09-23 17:46:27,True,False,5049886.326691428,0,0,0.569982132222,True,15,7,8,27,99,1112,36,10,40,50,8.47727272727,9.6,1679,957,False
58702972,73.15,7.0,118508110,1,2009-07-21 04:24:36,False,False,1517982.9106292096,0,0,0.569105691057,True,5,5,0,5,47,7180,22,30,40,30,0.855791962175,8.1,1230,700,False
3164941860,92.75,8.07,493485550,1,2015-04-20 07:28:31,True,False,19638603.227085814,0,0,0.583936324168,True,12,12,0,38,97,1275,62,10,50,40,9.97222222222,10.1,1382,807,False
110122113,80.45,7.55,542215990,2,2010-01-31 12:15:43,False,False,2212903.0741441296,0,0,0.63074352548,True,9,9,0,5,37,10303,16,15,50,35,0.855855855856,8.6,1197,755,False
866157062,123.4,9.43,2298090,3,2012-10-07 11:06:54,False,False,10848.272115410824,0,40,0.609961190168,True,14,14,0,35,72,135284,54,5,80,15,0.751510126732,10.7,1546,943,False
231257304,85.25,8.67,453510,1,2010-12-28 01:32:48,False,False,164.35589432691484,0,100,0.616204690832,True,7,7,0,5,88,333866,53,0,100,0,0.112127609665,11.3,1407,867,False
208913421,63.3,8.05,400741360,3,2010-10-28 05:07:29,False,False,3862910.8675569803,0,0,0.650242326333,True,6,6,0,22,67,1537,28,20,45,35,0.895953757225,7.0,1238,805,False
229875064,73.4,6.62,199606510,3,2010-12-23 15:34:31,False,False,5106546.050855446,0,0,0.643343051506,True,12,12,0,12,92,1134,18,0,95,5,3.39682539683,8.5,1029,662,False
341900539,93.9,7.87,19871990,1,2011-07-25 04:09:26,False,False,230229.51796315672,0,0,0.572780203785,True,15,15,0,1,77,11755,49,25,55,20,0.740787801779,10.4,1374,787,False
136245387,136.7,10.12,3634840,1,2010-04-23 11:51:49,False,False,1010.9310263316681,0,54,0.472455648926,True,8,3,0,41,100,85477,20,10,30,60,0.301910828025,10.7,2142,1012,False
745638440,61.4,5.0,82714550,2,2012-08-08 17:47:25,False,False,514065.64711945836,0,4,0.555555555556,True,12,10,0,2,55,16862,32,20,55,25,0.723044397463,9.1,900,500,False
1544322560,59.3,6.58,28886220,1,2013-06-24 23:21:19,True,False,116110.80067628292,0,3,0.668699186992,True,11,11,0,3,77,55577,35,20,60,20,0.882521489971,9.0,984,658,False
119112245,87.55,7.5,1439835260,2,2010-03-02 18:16:46,True,False,20235772.788561665,0,0,0.627615062762,True,15,15,0,67,13,357,71,10,30,60,1.83333333333,8.7,1195,750,False
368134512,70.7,6.84,34771330,2,2011-09-05 04:17:43,False,False,148756.1946823056,0,3,0.551168412571,True,15,15,0,9,49,9906,21,35,25,40,2.52631578947,7.4,1241,684,False
2152052819,37.4,4.77,19199730,1,2013-10-25 04:33:13,False,False,93144.08995329494,0,12,0.648097826087,True,9,9,0,0,31,10899,20,10,85,5,0.956772334294,8.6,736,477,False
634704287,54.8,5.35,543830540,2,2012-07-13 16:49:05,False,False,15176448.938073136,0,0,0.583424209378,True,12,12,0,3,40,6524,38,5,55,40,0.459259259259,9.2,917,535,False
2557136665,91.15,7.78,18630110,1,2014-06-09 16:13:21,False,False,110921.96833792665,0,8,0.634066829666,True,10,10,0,5,75,7093,55,25,50,25,0.897590361446,9.6,1227,778,False
92999280,103.45,8.75,15387220,2,2009-11-27 16:26:54,False,False,73076.0884102317,0,4,0.643855776306,True,10,10,0,8,88,43117,29,5,45,50,0.78125,9.0,1359,875,False
372835779,73.1,7.95,77433130,2,2011-09-13 14:17:41,False,False,724420.041339284,0,1,0.620124804992,True,7,7,0,5,78,4950,39,5,55,40,0.768156424581,8.3,1282,795,False
1858934186,69.8,6.86,32515880,1,2013-09-13 00:06:40,False,False,388282.6158205,0,0,0.614695340502,True,11,11,0,6,65,29817,50,20,50,30,0.39590556381,9.5,1116,686,False
282427769,98.8,7.68,74244270,1,2011-04-15 05:48:11,True,False,285512.11316192435,0,1,0.593967517401,True,8,7,1,14,72,18560,47,20,40,40,0.828611898017,9.0,1293,768,False
40219052,110.15,9.02,48531380,1,2009-05-15 11:10:24,False,False,135250.45289583137,0,4,0.611940298507,True,10,10,0,4,40,34371,23,30,35,35,0.85342019544,9.7,1474,902,False
1408912964,88.7,8.33,17891660,1,2013-05-06 22:58:56,True,False,84387.77691881686,0,0,0.532608695652,True,12,12,0,0,93,5829,40,10,50,40,1.5,8.8,1564,833,False
777083114,48.8,5.95,11647490,1,2012-08-24 00:48:17,False,False,44833.84139160395,0,15,0.709177592372,True,15,15,0,4,46,27894,14,0,85,15,0.596153846154,8.6,839,595,False
24080811,72.7,6.99,1657570,3,2009-03-13 00:16:06,False,False,31491.322196122535,0,31,0.681951219512,True,11,11,0,7,58,234237,71,5,80,15,0.0702036441586,9.4,1025,699,False
990963038,76.65,6.54,148739930,2,2012-12-05 13:37:51,False,False,4182487.8583560754,0,0,0.612359550562,True,8,8,0,18,75,258,45,5,50,45,6.23529411765,9.5,1068,654,False
110928853,50.2,6.84,15021520,3,2010-02-03 07:01:41,False,False,111375.68122817477,0,8,0.642857142857,True,3,3,0,3,76,53445,35,10,60,30,0.0156611309649,8.5,1064,684,False
2799099042,67.85,7.83,170893370,1,2014-09-09 03:43:19,True,False,1727155.4937505194,0,0,0.599081866871,True,9,9,0,12,53,5058,53,15,50,35,1.17985611511,8.8,1307,783,False
400983194,102.15,7.71,16255300,1,2011-10-29 21:36:39,False,False,100413.43519201005,0,14,0.643572621035,True,6,6,0,33,89,18598,62,0,70,30,0.588235294118,10.2,1198,771,False
14587971,93.7,8.29,437335800,2,2008-04-29 17:50:12,False,False,3123902.3399387547,0,0,0.613619541081,True,11,11,0,51,63,1700,60,5,55,40,1.33602875112,9.7,1351,829,False
121976265,63.1,5.62,15268490,2,2010-03-11 05:53:44,False,False,85243.12592438173,0,2,0.645235361653,True,9,9,0,0,94,28763,21,20,45,35,1.49095295537,8.5,871,562,False
2914171005,67.3,5.64,427701350,3,2014-12-10 18:57:45,True,False,6332826.207994296,0,0,0.609071274298,True,13,13,0,13,33,918,27,5,65,30,1.04480651731,8.3,926,564,False
33764583,68.65,7.9,576932520,2,2009-04-21 01:55:15,False,False,3439665.490058305,0,0,0.607225211376,True,14,14,0,15,48,2613,22,5,55,40,0.969325153374,9.4,1301,790,False
420189045,58.6,5.76,512319980,3,2011-11-24 09:14:39,True,False,8202693.633207304,0,0,0.603773584906,True,12,10,2,19,47,9384,7,15,40,45,1.08333333333,8.0,954,576,False
1668189836,109.2,9.09,10195370,1,2013-08-13 16:09:18,False,False,2190.658185911257,0,54,0.591411841249,True,8,8,0,5,93,22251,38,30,35,35,0.939947780679,9.6,1537,909,False
375299270,52.526315789473685,5.75,91395170,1,2011-09-17 21:43:34,False,False,1800269.017693817,0,0,0.573280159521,True,15,15,0,2,41,3373,11,42,31,26,2.61666666667,7.6,1003,575,False
1465761582,42.55,4.92,55312370,2,2013-05-28 22:02:10,False,False,186858.2739887306,0,0,0.672131147541,True,8,4,0,1,55,35187,35,20,55,25,0.528265107212,8.9,732,492,False
44686891,126.85,10.94,416030,1,2009-06-04 18:49:14,False,False,379.90951554284607,0,100,0.620885357548,True,9,6,3,8,97,251362,40,5,30,65,0.980800432666,10.4,1762,1094,False
2561813863,98.55,8.53,56514450,1,2014-06-11 17:51:46,True,False,1028777.6848855383,0,0,0.562664907652,True,10,10,0,12,78,408,22,45,20,35,4.4,9.5,1516,853,False
2445641666,104.0,7.58,10464180,1,2014-04-15 15:59:24,False,False,79708.28998634647,0,4,0.574242424242,True,11,11,0,5,66,8146,86,0,85,15,0.0514399771885,10.7,1320,758,True
344317888,99.6,8.15,185948280,2,2011-07-28 21:46:26,False,False,1014130.6020864608,0,0,0.590152063722,True,10,3,0,14,41,923,52,30,20,50,2.28947368421,10.0,1381,815,False
2511944460,68.75,5.27,327516560,2,2014-05-21 08:29:23,False,False,2964780.485371122,0,0,0.480839416058,True,13,12,0,0,19,2628,29,20,55,25,0.0353063343718,8.4,1096,527,False
2618119582,138.0,22.0,0,1,2014-06-17 19:25:30,True,False,0.0,0,0,1.0,True,12,11,0,0,1,39715,0,0,0,100,0.130395683453,0,22,22,False
88345204,88.55,9.32,8619360,1,2009-11-08 03:59:06,True,False,38731.34896501799,0,11,0.598971722365,True,11,8,3,10,87,15499,45,20,50,30,1.31489361702,9.0,1556,932,False
221475117,54.55,4.79,418336530,1,2010-11-30 19:31:43,False,False,1375919.703022233,0,0,0.676553672316,True,10,6,3,16,73,28333,26,0,90,10,0.943820224719,7.4,708,479,False
101669097,93.45,9.61,19204820,1,2010-01-04 05:25:19,False,False,5202.385503545465,0,20,0.547890535918,True,8,6,2,14,65,79852,54,10,40,50,0.105159382189,7.1,1754,961,False
2317599350,132.0,12.11,31966500,1,2014-01-29 18:27:57,False,False,207199.28128554765,0,3,0.667585446527,True,11,11,0,11,67,11262,50,5,45,50,0.611788617886,11.9,1814,1211,False
2202044150,144.0,25.0,0,1,2013-11-18 21:57:34,False,False,0.0,0,0,0.862068965517,True,14,14,0,0,0,4,1,100,0,0,0.968926553672,11.2,29,25,False
73237856,117.5,8.68,994398380,1,2009-09-10 22:24:46,True,False,19274744.375047717,0,0,0.6349670812,True,11,11,0,79,81,219,38,0,55,45,3.39436619718,10.3,1367,868,False
3018260990,102.95,8.56,1648250,1,2015-02-13 09:21:24,True,False,1203.7046678899276,0,0,0.559111691705,True,13,13,0,9,98,7654,14,25,55,20,3.07105263158,10.5,1531,856,False
1135530474,63.6,5.33,175665310,2,2013-01-31 00:02:22,True,False,705300.3877465331,0,0,0.474621549421,True,9,3,0,3,45,3060,44,0,75,25,0.67365967366,10.2,1123,533,False
235696520,79.25,7.25,3610190,1,2011-01-08 21:39:21,False,False,24369.29379239374,0,18,0.657894736842,True,9,9,0,4,79,76791,67,15,80,5,0.844112769486,10.5,1102,725,False
2257069046,67.4,6.57,8141700,2,2013-12-22 00:07:52,False,False,35314.44958596976,0,13,0.575810692375,True,10,10,0,1,19,14916,15,0,95,5,0.718411552347,8.6,1141,657,False
5812422,103.05,10.04,40122880,1,2007-05-06 17:07:22,False,False,248479.05403290535,0,6,0.643177450352,True,13,13,0,30,81,12355,46,15,60,25,1.90075512406,10.8,1561,1004,False
1086489391,108.57894736842105,8.76,51115350,1,2013-01-13 15:56:07,True,False,667658.9596820916,0,0,0.481054365733,True,15,13,2,1,92,2652,19,10,42,47,1.03636363636,9.1,1821,876,False
2294138446,79.3,8.26,135040400,1,2014-01-20 19:59:44,True,False,477103.03487285634,0,0,0.569655172414,True,13,13,0,0,94,878,44,25,35,40,1.00689655172,9.0,1450,826,False
2596423866,68.55,5.46,165715260,1,2014-06-30 14:26:51,False,False,2207852.950505252,0,1,0.665042630938,True,11,8,0,1,91,34146,15,0,75,25,0.398791540785,8.7,821,546,False
250364288,104.7,7.67,278222250,1,2011-02-10 23:22:44,False,False,3179198.3901570593,0,0,0.612619808307,True,15,15,0,17,48,5934,38,10,60,30,0.708276797829,9.0,1252,767,False
505440359,102.52631578947368,9.36,1742920,1,2012-02-27 04:50:37,False,False,7469.698041118179,0,0,0.557806912992,True,10,5,4,2,91,44490,45,47,21,31,0.525238744884,9.3,1678,936,False
3033858666,56.2,7.50847457627,248136000,4,2015-02-21 04:32:39,False,False,3062758.009644647,0,0,0.694357366771,True,10,8,2,7,33,59,8,30,45,25,6.25,8.1,638,443,False
121268938,53.5,6.76,4074690,1,2010-03-09 00:11:34,False,False,27973.73868720447,0,16,0.603571428571,True,10,10,0,2,49,117736,40,25,55,20,0.539830508475,8.2,1120,676,False
573301009,73.10526315789474,6.94,33965470,1,2012-05-07 04:38:01,False,False,209558.7054666117,0,1,0.559677419355,True,14,14,0,2,67,5004,26,26,42,31,0.943127962085,8.4,1240,694,False
1456643797,92.05,7.75,192782750,2,2013-05-25 11:06:25,False,False,659799.067103984,0,0,0.509533201841,True,10,8,2,9,60,5150,26,20,50,30,3.0,10.7,1521,775,False
56032903,106.25,8.19,772870,2,2009-07-12 06:10:49,False,False,4700.858881895945,0,91,0.697614991482,True,15,15,0,22,76,262296,45,10,25,65,0.693793911007,9.7,1174,819,False
1536909666,98.25,11.1875,473208375,1,2013-06-21 17:05:22,True,False,2994936.3567987233,0,0,0.781659388646,True,10,10,0,10,13,16,8,12,43,43,4.33333333333,8.3,229,179,False
300264746,75.25,7.27,43034340,2,2011-05-17 13:41:03,False,False,252153.9973324833,0,1,0.568857589984,True,11,11,0,3,54,70910,36,25,50,25,0.683352735739,8.6,1278,727,False
344261687,60.6,6.75,5170270,1,2011-07-28 19:55:26,False,False,27538.850891240905,0,11,0.529827315542,True,13,11,0,5,37,81384,36,25,45,30,0.499118165785,7.8,1274,675,False
19849696,103.35,8.73,42249290,2,2009-02-01 06:53:05,False,False,317666.5020355467,0,0,0.610062893082,True,11,11,0,6,63,6605,39,15,45,40,1.43137254902,8.7,1431,873,False
1057635702,104.05,9.45,48502010,1,2013-01-03 12:20:56,False,False,983282.5803555965,0,0,0.57238037553,True,11,9,0,7,100,7391,43,25,55,20,1.25157232704,9.9,1651,945,False
713804306,111.6,8.55,149531350,3,2012-07-24 06:28:00,False,False,1334426.4521010844,0,0,0.476057906459,True,12,8,0,7,15,23648,94,15,45,40,0.608445297505,8.9,1796,855,False
613345676,72.5,7.62,3347050,1,2012-06-20 11:03:40,False,False,46135.80189679161,0,0,0.536997885835,True,15,13,2,1,56,18829,32,10,55,35,1.6279650437,8.2,1419,762,False
1499931151,90.78947368421052,6.14,11327700,1,2013-06-11 01:16:32,False,False,95615.1186483234,0,5,0.566943674977,True,15,15,0,3,78,41396,32,15,47,36,0.731707317073,9.6,1083,614,False
17801629,92.3,9.51,3266250,1,2008-12-02 06:20:35,True,False,12265.350314605776,0,31,0.602279924003,True,10,10,0,13,73,50540,55,15,40,45,1.68575418994,10.4,1579,951,False
157029836,109.65,10.89,360370,1,2010-06-18 17:01:29,False,False,736.9629756643138,0,100,0.570157068063,True,15,15,0,5,93,253397,27,10,50,40,0.444210526316,9.7,1910,1089,False
26203719,40.3,5.6,10433460,1,2009-03-24 09:08:09,False,False,137259.376889987,0,0,0.7,True,10,10,0,1,82,43842,12,0,85,15,1.12589928058,7.8,800,560,False
933183398,76.25,7.8,1183100,1,2012-11-07 23:24:16,True,False,5371.566982501476,0,47,0.501285347044,True,13,8,0,0,85,46756,12,45,30,25,0.757551669316,9.2,1556,780,False
299271462,84.45,3.7,423933610,3,2011-05-15 19:55:16,True,False,5653257.708012191,0,0,0.343546889508,True,10,10,0,3,40,1391,82,0,80,20,0.894894894895,11.1,1077,370,False
888320442,118.65,8.66,64449390,1,2012-10-18 07:50:05,True,False,251349.35721483352,0,0,0.566383257031,True,10,10,0,11,94,789,27,5,45,50,2.41818181818,10.8,1529,866,False
266794738,58.05,6.47,1027535250,2,2011-03-15 20:45:54,False,False,16003448.18636601,0,0,0.642502482622,True,12,12,0,26,89,2388,30,5,75,20,1.10769230769,12.4,1007,647,False
498418001,92.75,8.75,31817320,1,2012-02-21 01:30:34,True,False,142036.4760119386,0,6,0.608061153579,True,8,8,0,2,59,44299,37,15,30,55,0.338028169014,9.9,1439,875,False
2347977979,53.65,4.82,47003030,2,2014-02-17 05:39:37,True,False,250029.32207172722,0,2,0.552752293578,True,13,11,2,4,72,7258,42,10,55,35,0.669491525424,10.0,872,482,False
2223611410,85.65,7.51,220041560,1,2013-12-13 15:49:11,True,False,2813809.3904788024,0,1,0.587636932707,True,15,13,2,7,46,3575,35,20,40,40,0.797202797203,8.4,1278,751,False
2210140580,76.3,8.07,2167800,1,2013-11-23 06:38:52,True,False,16428.78045717332,0,27,0.594694178335,True,14,14,0,9,62,27798,69,15,60,25,0.859237536657,9.3,1357,807,False
21257459,66.85,6.66,512294310,3,2009-02-19 00:01:19,False,False,4725036.595688424,0,0,0.676829268293,True,11,11,0,10,39,10781,60,10,55,35,0.973890339426,9.6,984,666,False
874719912,72.8,4.82,5692540,1,2012-10-12 01:52:19,True,False,37870.212472700754,0,8,0.63925729443,True,12,12,0,1,100,811,6,10,45,45,3.56097560976,9.4,754,482,False
2778387798,110.3,6.99,89801310,5,2014-08-29 12:51:49,False,False,932642.8405565498,0,0,0.410693301998,True,10,10,0,37,29,5347,77,5,30,65,0.825489379425,10.0,1702,699,False
23808818,61.4,6.27,126011070,2,2009-03-11 19:03:40,False,False,862829.9844310508,0,0,0.592067988669,True,15,15,0,5,86,17845,40,0,45,55,0.172179860955,9.3,1059,627,False
79894962,117.4,10.34,43342740,1,2009-10-05 02:25:38,False,False,401535.92154479463,0,3,0.581225407532,True,9,3,0,4,89,9378,39,35,20,45,0.842829076621,11.1,1779,1034,False
11630862,78.42105263157895,9.62,190316450,2,2007-12-29 14:18:51,False,False,475313.18499723537,0,3,0.639202657807,True,8,8,0,13,83,21057,47,15,31,52,0.285414480588,9.8,1505,962,False
635818294,100.4,8.53,370530280,3,2012-07-15 01:56:09,False,False,5465795.886641472,0,0,0.583048530417,True,9,7,2,26,78,2387,52,20,20,60,1.32510288066,10.3,1463,853,False
614447598,77.3,5.79,39340730,1,2012-06-21 14:42:33,False,False,233565.32080201354,0,0,0.651293588301,True,14,14,0,4,64,10976,32,25,50,25,2.31282051282,8.9,889,579,False
485273674,79.84210526315789,7.75,30327190,1,2012-02-07 01:17:27,False,False,242080.96559478185,0,2,0.628548256285,True,9,9,0,5,72,132518,58,5,57,36,0.0698292220114,9.5,1233,775,False
169194549,115.0,8.35,10078920,1,2010-07-21 19:36:17,False,False,60153.13284767469,0,4,0.581881533101,True,13,13,0,16,39,98743,84,15,15,70,0.00246749345578,9.3,1435,835,True
2563768914,67.65,6.86,19046680,1,2014-06-12 17:28:59,True,False,110097.90266853407,0,0,0.720588235294,True,12,9,1,4,67,80462,49,10,55,35,0.218609304652,9.4,952,686,False
990902802,81.6,5.9,40030770,2,2012-12-05 13:09:46,True,False,121263.79774247341,0,8,0.565134099617,True,14,12,2,5,71,23720,52,0,55,45,0.745714285714,9.1,1044,590,False
442079113,90.5,8.04,3081570,1,2011-12-20 18:40:59,False,False,10242.527771380463,0,25,0.64578313253,True,13,7,0,0,73,13624,69,10,50,40,0.931972789116,9.0,1245,804,False
456357565,122.45,10.35,33366950,2,2012-01-06 04:51:22,True,False,198984.50582882075,0,3,0.570247933884,True,12,10,2,16,93,6516,30,20,45,35,1.25179856115,11.1,1815,1035,False
461572767,48.64705882352941,5.2,4357350,1,2012-01-11 23:19:06,True,False,11037.667984355752,0,0,0.619047619048,True,10,10,0,4,57,4204,33,11,41,47,1.40983606557,9.5,840,520,False
722623,98.75,8.34,13043990,5,2007-01-29 00:54:34,False,False,70555.35604394255,0,5,0.646511627907,True,11,11,0,18,60,19039,63,15,75,10,0.371900826446,10.4,1290,834,True
139956067,47.35,5.72,15694990,1,2010-05-04 04:29:15,False,False,96102.4655458303,0,3,0.604012671595,True,9,3,1,1,41,48559,11,25,55,20,0.508241758242,6.7,947,572,False
18989002,121.4,10.27,749390,3,2009-01-14 18:44:15,False,False,1817.1679311500081,0,100,0.557848995111,True,10,3,1,46,42,121760,61,30,30,40,0.0110006411104,11.0,1841,1027,True
359219562,78.35,8.13,141961270,1,2011-08-21 06:24:42,False,False,1018241.2419112476,0,2,0.598674521355,True,9,7,2,22,85,3959,40,25,40,35,1.05590062112,9.1,1358,813,False
902817020,81.3,6.98,9073710,1,2012-10-24 23:30:33,False,False,57946.25768943151,0,6,0.671153846154,True,9,9,0,5,81,8796,29,15,50,35,1.99519230769,10.3,1040,698,False
18581153,92.9,7.95,853592060,2,2009-01-03 16:02:23,False,False,12553253.055910027,0,0,0.657568238213,True,6,6,0,54,58,544,34,20,40,40,4.17889908257,9.3,1209,795,False
578481944,121.57894736842105,11.12,26331250,2,2012-05-12 23:33:22,False,False,130294.4614293464,0,5,0.606324972737,True,11,11,0,16,92,4851,31,10,42,47,1.25913043478,10.7,1834,1112,False
208388521,106.6,9.8,6844650,1,2010-10-27 05:29:09,False,False,33146.479088245556,0,10,0.64346684176,True,8,4,1,16,97,19381,63,0,70,30,2.06559139785,10.2,1523,980,False
457808323,62.4,7.31,72664540,1,2012-01-07 21:05:07,False,False,632965.6875141712,0,0,0.582470119522,True,5,2,0,6,26,20268,12,25,50,25,0.689213893967,8.7,1255,731,False
2444483352,56.75,6.21,124507250,1,2014-04-14 21:26:55,True,False,1059558.1707280292,0,5,0.567641681901,True,13,13,0,0,78,442,33,5,45,50,0.921119592875,8.6,1094,621,False
170554164,135.0,9.79,838880,1,2010-07-25 04:16:32,False,False,5908.067607940857,0,79,0.53673245614,True,12,12,0,60,97,38404,47,0,60,40,0.458451102318,11.7,1824,979,False
620078665,91.0,9.73,1224426670,1,2012-06-27 15:07:58,True,False,7801421.631759089,0,0,0.708667152221,True,11,11,0,30,83,452,42,10,65,25,2.14432989691,9.2,1373,973,False
836742500,86.25,6.97,15714650,2,2012-09-21 01:35:19,False,False,51324.409392023204,0,1,0.507278020378,True,12,12,0,2,37,67117,30,15,40,45,1.17558528428,8.4,1374,697,False
2243809497,98.13333333333334,6.5,544966510,1,2013-12-25 21:07:23,True,False,9491055.976697603,0,0,0.528885272579,True,9,6,0,2,99,594,38,13,46,40,0.73698630137,10.2,1229,650,False
18576332,73.45,7.98,3893930,2,2009-01-03 08:31:07,False,False,29471.15781484501,0,17,0.579941860465,True,8,7,0,5,43,41986,48,0,50,50,0.474329501916,8.8,1376,798,False
798613004,81.55,8.43,12641390,3,2012-09-02 16:36:57,False,False,139812.315500066,0,5,0.622599704579,True,12,12,0,5,54,14657,59,15,55,30,2.04964539007,9.8,1354,843,False
985768968,60.8,5.89,6951150,1,2012-12-03 02:21:51,False,False,47974.246699244795,0,15,0.59375,True,12,12,0,2,57,58502,56,10,70,20,0.38961038961,9.1,992,589,False
428628035,94.25,5.61,784693970,2,2011-12-05 00:25:29,True,False,5521463.257417991,0,0,0.628219484882,True,9,9,0,10,25,673,81,10,25,65,1.3137254902,10.0,893,561,False
19300510,103.7,8.73,10631040,1,2009-01-21 18:47:20,False,False,72233.53766679297,0,0,0.594686648501,True,13,13,0,4,93,12481,36,0,95,5,0.817258883249,12.1,1468,873,False
14247395,104.1,9.16,1846610,2,2008-03-28 22:04:29,False,False,16317.396011235984,0,40,0.631724137931,True,12,6,0,6,80,111665,52,15,45,40,0.607382550336,9.8,1450,916,False
763095612,87.75,7.5,1804674380,5,2012-08-17 05:55:09,False,False,31741831.558050357,0,0,0.635944700461,True,12,12,0,44,69,93,51,0,70,30,4.68852459016,9.3,1085,690,False
2382912776,84.05,7.49,187098310,1,2014-03-11 00:54:08,False,False,2271588.552084959,0,0,0.611928104575,True,15,15,0,25,94,6287,57,5,50,45,0.697994987469,10.7,1224,749,False
747385746,97.6842105263158,8.94,13158640,1,2012-08-09 15:08:04,False,False,135441.63561058248,0,3,0.537906137184,True,10,10,0,0,95,16385,42,15,36,47,0.838998211091,10.4,1662,894,False
33651270,84.55,7.47,34878070,1,2009-04-20 20:30:41,False,False,472047.29044212034,0,1,0.597122302158,True,11,11,0,29,72,32629,32,30,30,40,0.6375,9.4,1251,747,False
1311456667,72.5,6.91,32775730,2,2013-03-28 18:52:19,True,False,163127.26268618467,0,1,0.548848292295,True,10,6,2,5,34,23376,25,30,40,30,0.696060037523,7.8,1259,691,False
304261771,93.9,9.2,14371700,1,2011-05-24 06:35:30,True,False,111039.89351015922,0,0,0.521837776517,True,12,12,0,1,94,3921,30,15,55,30,0.755447941889,9.4,1763,920,False
1093553114,74.85,6.95,304984290,2,2013-01-15 23:39:31,False,False,2382021.6854425487,0,2,0.604873803307,True,12,6,1,10,65,15123,40,10,50,40,0.986046511628,9.0,1149,695,False
282506597,88.25,9.04,12156120,1,2011-04-15 10:17:13,False,False,78151.3599426779,0,7,0.621305841924,True,10,10,0,12,78,3656,38,15,50,35,0.872305140962,9.7,1455,904,False
2224804969,53.25,5.97,5972970,2,2013-12-01 11:47:12,False,False,60023.057570736935,0,4,0.689376443418,True,9,9,0,1,55,8306,9,5,85,10,0.598240469208,9.0,866,597,False
1877304734,81.45,7.42,4184010,1,2013-09-17 23:37:38,False,False,10181.90242292667,0,18,0.63202725724,True,13,13,0,5,98,35523,75,0,100,0,0.310791366906,10.9,1174,742,False
16484437,84.15,7.06,2392980,3,2008-09-27 10:46:32,False,False,10942.41364085182,0,48,0.625886524823,True,10,10,0,2,63,132590,39,20,45,35,0.59059693608,10.0,1128,706,False
35377886,59.1,6.84,68201750,1,2009-04-26 02:27:32,False,False,419640.31495633256,0,0,0.593235039029,True,7,6,0,3,38,16423,22,10,25,65,1.08754716981,8.0,1153,684,False
568015457,72.55,6.74,2194020,2,2012-05-01 08:46:08,False,False,34450.272393843275,0,8,0.689161554192,True,10,10,0,5,79,30522,46,10,55,35,1.26392961877,9.7,978,674,False
57549666,104.3,9.1,35136770,1,2009-07-17 04:17:21,False,False,295666.98826657585,0,2,0.577777777778,True,12,12,0,29,50,10530,51,5,35,60,0.877551020408,10.2,1575,910,False
30059111,109.15,7.78,445916350,1,2009-04-09 20:23:47,False,False,4254377.018798305,0,1,0.57079970653,True,8,8,0,70,46,2697,51,20,30,50,1.33992094862,12.2,1363,778,False
708043502,96.52631578947368,9.15,16998990,1,2012-07-21 00:17:22,False,False,80678.9335037121,0,0,0.592233009709,True,15,15,0,1,90,12858,60,36,42,21,0.898058252427,10.3,1545,915,False
153690249,101.85,8.8,68284250,3,2010-06-09 05:52:12,True,False,177351.43576684123,0,2,0.561941251596,True,10,10,0,7,69,4409,63,0,95,5,0.0588734306074,10.9,1566,880,False
2828821663,116.75,10.26,34097570,1,2014-09-23 21:43:07,False,False,476608.48338179005,0,0,0.648546144121,True,12,6,1,38,70,1830,83,5,45,50,1.04116638079,10.7,1582,1026,False
44850701,73.4,5.98,277514880,1,2009-06-05 08:27:55,False,False,1181584.1761139354,0,0,0.586274509804,True,10,10,0,52,34,8726,9,5,70,25,0.438356164384,9.4,1020,598,False
1032838123,60.55,4.56818181818,824935204,1,2012-12-24 14:41:47,True,False,1366771.7267849413,0,0,0.556786703601,True,13,12,1,0,50,89,5,0,70,30,10.3333333333,9.4,722,402,False
2508074020,92.5,8.56,77680910,1,2014-04-25 10:00:50,True,False,178947.61164312245,0,3,0.547314578005,True,13,12,1,2,96,5270,49,27,44,27,1.82862903226,10.1,1564,856,False
2259016411,102.25,8.52,109746910,1,2013-12-23 14:40:01,False,False,206984.72936409464,0,1,0.547557840617,True,13,11,2,2,100,4604,36,15,35,50,0.582089552239,9.6,1556,852,False
1561409924,64.4,5.68,351573490,1,2013-07-01 20:27:28,True,False,1750507.4358727415,0,0,0.63963963964,True,11,5,0,5,67,2089,38,10,65,25,0.673866090713,9.6,888,568,False
764731350,79.5,8.95,134780790,1,2012-08-18 00:35:23,False,False,1993731.0460230305,0,0,0.585349901897,True,8,8,0,2,65,18208,30,30,45,25,0.682410423453,9.5,1529,895,False
2694552757,78.05,7.48,108078180,1,2014-07-31 02:47:17,False,False,151492.38000680925,0,2,0.650434782609,True,12,12,0,4,73,12863,27,35,35,30,0.384615384615,9.1,1150,748,False
113231814,109.1,10.69,376846260,2,2010-02-11 03:46:32,False,False,4336553.257179203,0,0,0.657037492317,True,15,15,0,61,89,6186,38,15,60,25,0.393217893218,11.0,1627,1069,False
250399342,69.6,6.47,47166470,1,2011-02-11 01:01:01,False,False,454106.24783754075,0,0,0.650251256281,True,11,5,1,20,75,3485,49,5,45,50,3.57636363636,9.6,995,647,False
16944013,90.3,9.19,696726760,3,2008-10-24 05:16:54,False,False,16723399.630001783,0,0,0.565190651907,True,14,14,0,16,73,4997,22,15,35,50,1.31197478992,8.2,1626,919,False
368801289,63.65,6.73,97919950,2,2011-09-06 07:47:48,False,False,79980.27353508801,0,0,0.585726718886,True,13,9,0,4,83,89685,38,5,25,70,0.333333333333,9.6,1149,673,False
1705146012,72.35,6.55,1304570,1,2013-08-27 17:17:07,True,False,3185.41804791773,0,74,0.529079159935,True,14,9,1,0,79,32627,33,20,55,25,0.552390149686,8.8,1238,655,False
2159485357,62.68421052631579,6.21,11442320,1,2013-10-27 19:33:28,True,False,148154.36331150774,0,9,0.624120603015,True,11,11,0,2,78,35489,38,10,52,36,0.95498392283,8.8,995,621,False
1353072290,62.2,5.31,640358900,1,2013-04-15 00:15:58,True,False,4341069.946314921,0,0,0.602724177072,True,8,8,0,3,77,1116,5,0,65,35,1.39534883721,8.6,881,531,False
333005444,57.65,4.66,49732790,2,2011-07-10 20:23:41,False,False,104870.80299724752,0,0,0.622162883845,True,15,5,0,0,85,356,9,10,55,35,0.475504322767,9.3,749,466,False
323494341,115.1,9.17,102334080,2,2011-06-24 22:50:05,False,False,1391750.7996277378,0,1,0.627222982216,True,9,7,2,22,80,6408,50,10,60,30,0.701449275362,10.0,1462,917,False
492728332,127.65,10.86,208241830,3,2012-02-15 01:58:52,True,False,2909103.809770639,0,0,0.565330557002,True,11,9,2,9,85,1149,41,25,30,45,3.6,11.0,1921,1086,False
630413999,99.15,8.73,47924850,1,2012-07-08 18:20:31,False,False,374424.8686188559,0,0,0.587483176312,True,12,10,2,7,67,5084,52,15,35,50,1.67175572519,9.6,1486,873,False
589834497,93.55,7.57,13472540,1,2012-05-25 06:36:03,True,False,109636.48890287394,0,3,0.582307692308,True,11,11,0,1,74,45213,33,20,40,40,0.641267700607,9.0,1300,757,False
1226238145,57.6,6.34,203697760,1,2013-02-27 23:06:18,False,False,1509435.2731689923,0,0,0.537743850721,True,7,2,1,5,52,10869,29,20,65,15,0.622950819672,8.9,1179,634,False
469595996,83.3,7.96,72167100,1,2012-01-20 19:33:07,True,False,279439.7138554039,0,4,0.617532971296,True,13,11,2,11,100,11331,75,20,40,40,0.141193595342,10.0,1289,796,False
2983156296,86.25,8.13,24370320,1,2015-01-14 19:22:26,True,False,148521.86131148337,0,4,0.636150234742,True,10,9,1,2,85,3144,65,0,60,40,0.741424802111,9.8,1278,813,False
250549433,73.25,8.13,5955980,2,2011-02-11 09:32:28,False,False,29601.87670925612,0,12,0.609902475619,True,14,14,0,3,67,74035,49,15,65,20,0.313635053329,10.7,1333,813,False
2367477707,127.8,11.47,73428700,1,2014-02-26 19:15:33,True,False,125389.31220533712,0,0,0.621007038441,True,8,8,0,42,88,5102,40,35,25,40,0.320486815416,11.1,1847,1147,False
42244063,115.9,10.13,718332910,3,2009-05-24 17:12:38,False,False,1621228.2842523565,0,0,0.65061014772,True,15,15,0,18,26,727,88,15,25,60,1.82450331126,9.6,1557,1013,False
94735361,65.3,6.51,26049790,1,2009-12-05 05:45:53,False,False,89179.55223009364,0,9,0.617647058824,True,13,5,0,5,30,32266,59,0,100,0,0.356109324759,10.8,1054,651,False
14391111,83.35,8.17,19163120,4,2008-04-14 22:29:28,False,False,57685.58357562139,0,1,0.591600289645,True,11,11,0,23,41,30221,91,0,50,50,1.0993543759,11.1,1381,817,False
236449587,97.15,8.69,100162180,2,2011-01-10 16:28:14,False,False,1204524.2931808173,0,1,0.624281609195,True,12,6,0,30,69,12368,44,20,35,45,0.434920634921,10.1,1392,869,False
2654027174,45.5,6.35,21724240,1,2014-07-17 15:13:45,True,False,409410.493143996,0,0,0.558487247142,True,9,9,0,1,11,4728,11,25,55,20,0.927536231884,6.8,1137,635,False
228978063,104.45,8.79,342900400,2,2010-12-21 05:49:07,False,False,2281494.1331288335,0,0,0.582119205298,True,15,6,2,18,43,8713,78,15,45,40,0.633499170813,9.8,1510,879,False
2402922414,76.6,8.36666666667,3381283133,1,2014-03-22 08:25:35,True,False,24666777.134884693,0,0,0.729651162791,True,8,8,0,2,22,32,11,20,55,25,1.39523809524,8.8,344,251,False
1333119788,37.6,5.65,341818400,1,2013-04-07 04:07:07,True,False,2827412.755490528,0,0,0.743421052632,True,8,8,0,8,3,767,92,5,75,20,2.39130434783,10.8,760,565,False
450939144,107.36842105263158,9.06,496529400,1,2011-12-30 21:05:48,False,False,1901409.7449082583,0,2,0.558914250463,True,13,9,4,8,68,5028,46,15,52,31,1.7197640118,9.0,1621,906,False
25121744,125.25,7.48,63447220,3,2009-03-18 18:20:42,False,False,532338.5466996918,0,1,0.443916913947,True,12,12,0,32,60,13704,64,25,30,45,0.852277076158,10.7,1685,748,False
2448332095,69.1,6.6,46895030,1,2014-04-17 00:17:50,True,False,263882.3977146638,0,2,0.628571428571,True,15,15,0,16,68,5999,56,5,70,25,0.525166191833,10.4,1050,660,False
540416380,62.470588235294116,6.08,280819890,1,2012-03-30 01:15:56,True,False,5324865.12732298,0,0,0.552225249773,True,14,14,0,2,61,3579,26,29,41,29,2.3488372093,7.9,1101,608,False
471512676,96.95,7.16,56781940,1,2012-01-22 23:40:33,False,False,89073.47807731546,0,2,0.539969834087,True,12,10,2,9,51,18322,47,0,100,0,0.718518518519,11.4,1326,716,False
43897661,79.85,7.42,51809090,3,2009-06-01 14:56:54,True,False,210688.25617206932,0,0,0.59217877095,True,8,8,0,60,21,3189,45,20,35,45,2.02673796791,9.6,1253,742,False
506892551,49.4,5.08064516129,176215064,1,2012-02-28 04:39:01,False,False,668690.6728316521,0,0,0.667372881356,True,9,9,0,5,32,62,3,5,90,5,3.4,10.2,472,315,False
190114317,77.75,6.97,64307950,2,2010-09-13 02:58:58,False,False,648254.9576963604,0,0,0.600344530577,True,13,13,0,25,64,27490,30,15,55,30,1.13777777778,8.6,1161,697,False
161662393,73.8,6.99,1053767790,3,2010-07-01 12:33:20,False,False,6874614.53246936,0,0,0.69552238806,True,9,9,0,18,42,1876,47,15,45,40,7.70588235294,9.2,1005,699,False
22201064,82.2,6.73,531154680,1,2009-02-27 22:38:29,False,False,19778267.341830734,0,0,0.625464684015,True,12,10,2,15,71,2433,23,10,55,35,4.29496402878,9.8,1076,673,False
57572464,84.2,8.99,387702570,1,2009-07-17 06:30:41,False,False,6052643.352226385,0,0,0.677978883861,True,10,10,0,12,46,11911,36,5,40,55,0.901069518717,9.0,1326,899,False
771812148,75.52631578947368,7.86,56169950,2,2012-08-21 16:29:50,False,False,368982.1212283786,0,3,0.702412868633,True,9,9,0,25,80,6948,49,15,63,21,0.278931750742,10.1,1119,786,False
967352869,78.6,6.81,98236950,1,2012-11-24 04:20:23,False,False,478121.9978511212,0,1,0.605333333333,True,15,7,0,3,47,703,53,20,35,45,0.759941089838,9.9,1125,681,False
1280865181,83.55,8.33,26381440,2,2013-03-19 16:13:46,True,False,77597.6200826256,0,0,0.711357813834,True,14,14,0,23,78,7887,50,5,55,40,2.33594515181,10.1,1171,833,False
225683965,103.8,8.72,24405460,3,2010-12-12 05:34:41,False,False,53112.60481983067,0,3,0.568078175896,True,10,2,1,1,81,19552,63,15,60,25,1.06951340616,9.7,1535,872,False
109139576,61.3,6.63,30768890,2,2010-01-28 02:48:24,False,False,167848.0090781836,0,0,0.648093841642,True,11,2,0,13,46,144708,43,5,80,15,0.191843164712,9.2,1023,663,False
380143624,111.65,9.39,16920830,1,2011-09-26 04:24:55,False,False,97051.15161577167,0,1,0.560262529833,True,5,3,2,6,95,8036,37,25,35,40,6.10436893204,10.7,1676,939,False
706364737,72.7,6.5,44539590,1,2012-07-20 03:45:43,False,False,105841.76776437314,0,14,0.546677880572,True,12,12,0,4,60,3412,41,5,30,65,0.571381361533,8.9,1189,650,False
270654915,113.0,9.02,13027770,1,2011-03-23 00:57:30,False,False,70410.9187247262,0,6,0.622498274672,True,5,5,0,2,90,43241,65,50,15,35,0.704705882353,9.5,1449,902,False
9272142,131.25,9.58,20839330,2,2007-10-05 22:41:48,False,False,98111.71804594749,0,1,0.590993214065,True,6,6,0,19,54,29476,68,10,50,40,0.433908045977,9.8,1621,958,False
2868402013,63.85,5.71,197054660,3,2014-10-21 01:32:39,False,False,3733669.4573247116,0,0,0.623362445415,True,12,10,0,8,94,1330,88,0,65,35,2.17475728155,10.4,916,571,False
546533556,55.45,5.54,72827520,1,2012-04-06 02:27:41,False,False,1096961.2434794712,0,5,0.578288100209,True,9,9,0,2,44,13711,3,5,90,5,0.35,8.9,958,554,False
961709562,64.55,5.56,5613160,1,2012-11-21 04:01:57,True,False,23592.930976194966,0,16,0.559919436052,True,14,6,0,2,48,21483,36,10,50,40,0.48275862069,9.3,993,556,False
210704864,79.8,7.22,9817040,1,2010-11-01 03:57:21,False,False,22075.175327503064,0,11,0.642920747996,True,10,10,0,3,84,17413,43,30,50,20,0.926977687627,8.8,1123,722,False
469739735,85.75,9.64,5916070,1,2012-01-20 22:57:32,False,False,34672.487368229005,0,7,0.608201892744,True,14,14,0,5,93,35665,34,15,50,35,0.257826343768,9.5,1585,964,False
143217021,100.9,7.92,23564300,3,2010-05-12 22:32:10,False,False,104552.48537259887,0,7,0.642857142857,True,14,14,0,13,43,9393,81,0,45,55,1.4,10.6,1232,792,False
745579297,73.75,6.15,145584950,2,2012-08-08 17:11:22,False,False,1793248.4909898425,0,0,0.619959677419,True,12,12,0,2,19,5413,53,20,50,30,2.56497175141,10.0,992,615,False
2697960505,115.7,7.04,38478670,2,2014-08-01 10:32:22,False,False,1237798.7324791327,0,0,0.526551982049,True,14,12,2,18,50,3567,29,15,65,20,1.18367346939,9.5,1337,704,False
2991390654,106.05,8.24,380271533,4,2015-01-20 16:57:39,False,False,8874729.449877337,0,0,0.668108108108,True,12,12,0,35,44,76,40,20,40,40,21.5,10.1,925,618,False
194476539,60.75,5.97,1869830,1,2010-09-24 06:25:28,False,False,5187.899377156423,0,35,0.590504451039,True,14,8,0,0,86,114892,9,20,25,55,0.332402234637,8.3,1011,597,False
3061358054,63.4,6.15,461016130,1,2015-03-04 12:44:25,False,False,6583286.410936156,0,0,0.630769230769,True,11,8,3,23,20,924,11,35,55,10,0.641509433962,7.5,975,615,False
451144632,45.05,4.59,212219210,3,2011-12-31 03:02:55,False,False,553108.402994248,0,0,0.570186335404,True,11,6,1,1,30,11029,7,10,40,50,1.1390070922,7.2,805,459,False
2735881390,116.8,10.7,74267990,2,2014-08-07 05:46:31,True,False,366544.27131165203,0,0,0.58533916849,True,9,9,0,30,100,10628,46,10,50,40,0.461305007587,9.7,1828,1070,False
198249025,67.85,7.05,94711330,1,2010-10-03 19:36:32,False,False,547050.2904109892,0,0,0.607235142119,True,5,5,0,4,76,26813,43,10,45,45,0.873684210526,9.4,1161,705,False
59230786,114.5,8.79,826089730,3,2009-07-22 19:59:14,False,False,24552334.491391044,0,0,0.60830449827,True,11,11,0,45,59,2793,75,25,20,55,0.80412371134,10.0,1445,879,False
546312443,73.4,6.34,142554810,1,2012-04-05 21:55:49,False,False,778626.2170737301,0,1,0.64105156724,True,10,6,2,4,76,5034,60,0,100,0,1.65644171779,10.1,989,634,False
80119212,87.4,8.43,6046570,2,2009-10-05 20:33:31,False,False,48845.84687104933,0,12,0.560132890365,True,9,9,0,2,71,83149,35,15,35,50,0.488622754491,8.6,1505,843,False
27372659,72.4,6.88,5414730,1,2009-03-29 03:36:16,False,False,7158.447668838546,0,23,0.569065343259,True,8,8,0,2,58,26474,41,20,25,55,0.961325966851,9.3,1209,688,False
872703248,56.72222222222222,5.56,4621660,1,2012-10-11 00:06:15,False,False,11225.29434187489,0,0,0.642774566474,True,12,3,1,1,52,45229,41,33,44,22,0.757919904363,8.4,865,556,False
1549052863,73.0,6.56,4690260,1,2013-06-26 20:25:45,False,False,12058.250457259544,0,24,0.580017683466,True,15,8,0,4,63,28397,40,10,35,55,0.332113449222,8.8,1131,656,False
127037804,83.85,9.15,9130150,2,2010-03-27 20:59:54,False,False,66013.31543794782,0,4,0.60157790927,True,14,14,0,4,73,160955,37,0,100,0,1.50175029172,10.8,1521,915,False
1424238228,106.75,7.96,560370,1,2013-05-12 23:46:14,False,False,5946.367671948986,0,100,0.637820512821,True,11,11,0,1,89,583357,56,20,45,35,0.1791613723,10.3,1248,796,False
298742535,41.1,4.65,125474820,3,2011-05-14 21:14:03,False,False,1594192.7722717978,0,1,0.751211631664,True,13,12,1,5,56,16954,11,5,95,0,0.950819672131,7.7,619,465,False
165277911,66.15,5.63,53889790,1,2010-07-11 03:37:04,False,False,230152.60270443934,0,2,0.625555555556,True,9,8,0,3,61,13639,61,0,45,55,0.723320158103,9.5,900,563,False
220467586,89.6,8.25,887917710,2,2010-11-27 21:51:26,False,False,11014714.55920031,0,0,0.618904726182,True,8,8,0,27,36,1814,24,15,45,40,1.20987654321,8.8,1333,825,False
232547074,55.95,7.15,79678070,3,2010-12-31 13:27:18,False,False,1007746.6329092584,0,0,0.714285714286,True,12,12,0,7,73,19176,47,5,70,25,0.88275862069,9.7,1001,715,False
535758794,89.4,7.64,616917070,1,2012-03-24 22:11:56,True,False,9450123.13668871,0,0,0.508994003997,True,12,10,2,20,83,2474,37,20,65,15,0.751773049645,9.4,1501,764,False
48552476,58.45,7.15,4988640,2,2009-06-19 00:41:42,False,False,39035.42482015535,0,16,0.601851851852,True,8,8,0,2,53,33112,30,20,40,40,0.846899224806,8.3,1188,715,False
2770511,82.95,8.6,16638820,2,2007-03-29 02:31:13,False,False,92769.47510921897,0,4,0.650037792895,True,5,5,0,6,88,46247,39,5,50,45,0.497066219614,10.0,1323,860,False
490440829,112.25,10.16,110891340,1,2012-02-12 15:18:03,True,False,596171.1216894252,0,0,0.557935200439,True,12,12,0,19,82,3634,23,10,40,50,0.131268436578,8.9,1821,1016,False
1435964180,117.25,6.56,355854080,1,2013-05-17 15:32:35,False,False,274436.26419543667,0,0,0.505782575173,True,14,14,0,37,81,13042,55,0,25,75,0.687361419069,9.5,1297,656,False
69379288,109.65,8.23,596200530,4,2009-08-27 19:24:48,False,False,5897167.022360214,0,0,0.661575562701,True,11,11,0,32,35,300,74,25,40,35,1.0652173913,10.4,1244,823,False
248453338,130.3,10.73,21788590,1,2011-02-07 01:27:12,False,False,153871.34505436677,0,4,0.617021276596,True,7,7,0,35,93,27296,50,25,30,45,6.58026315789,11.2,1739,1073,False
