24858289	1
33212890	1
39773427	1
57007623	1
63258466	1
96435556	1
108992875   1
177671726	1
223945761	1
237177357	1
237178034	1
237192061	1
237192993	1
237197647	1
237201814	1
237226175	1
237234251	1
237326341	1
237332572	1
237346330	1
237359828	1
237367607	1
237375183	1
240706202	1
260649579	1
282659109	1
299988118	1
327060670	1
336996257	1
357536147	1
393927847	1
418371090	1
418501358	1
421987528	1
430928749	1
434722849	1
434727810	1
434728619	1
434729769	1
434732328	1
434742028	1
434756188	1
434775697	1
434790178	1
434792369	1
434795107	1
458941316	1
465192765	1
465196345	1
465303273	1
465305493	1
465306140	1
465306667	1
465317813	1
465318952	1
465319501	1
465320112	1
465323067	1
465323815	1
465325040	1
465325633	1
465328572	1
465334514	1
465335657	1
465338328	1
465343577	1
465347437	1
465349136	1
465351389	1
465352631	1
465359767	1
465360460	1
465361035	1
465365494	1
465366176	1
465366686	1
465367288	1
465368221	1
465369079	1
465369276	1
465371272	1
465371415	1
465372408	1
465373317	1
465373507	1
465373538	1
465374176	1
465374259	1
465375874	1
465376231	1
465376509	1
465378230	1
465378609	1
465378983	1
465379325	1
465380942	1
465387088	1
465387671	1
465389976	1
465392182	1
465392383	1
465393290	1
465393485	1
465394343	1
465398499	1
465399263	1
465399558	1
465401166	1
465402069	1
465403330	1
465404789	1
465404874	1
465405613	1
465413078	1
465417674	1
465418238	1
465418810	1
465418896	1
465420606	1
465421036	1
465426060	1
465427410	1
465428761	1
465429324	1
465429916	1
465431259	1
465433276	1
465434130	1
465434388	1
465435993	1
465437206	1
465442625	1
465445130	1
466109264	1
466110228	1
466114317	1
466116893	1
466121357	1
466123036	1
466124519	1
466124818	1
466125372	1
466126074	1
466131055	1
466132138	1
466133310	1
466139143	1
466139912	1
466141484	1
466143639	1
466145460	1
466146699	1
466150269	1
466152441	1
466152938	1
466153262	1
466154098	1
466155191	1
466155797	1
466156124	1
466157984	1
466158890	1
466159914	1
466161043	1
466162451	1
466162548	1
466163583	1
466163614	1
466165783	1
466166588	1
466175265	1
466176895	1
466177486	1
466178381	1
466181545	1
466182757	1
466183322	1
466184623	1
466188621	1
466189042	1
466189857	1
466192045	1
466192470	1
466194674	1
466195745	1
466196026	1
466196649	1
466198529	1
466200874	1
466203702	1
466204969	1
466205550	1
466206406	1
466207205	1
466209990	1
466210973	1
466212113	1
466214628	1
466215674	1
7248952	    1
7732472	    1
9524952	    1
10788822	1
14596967	1
14826060	1
14938781	1
15528595	1
16671189	1
16733141	1
17976561	1
19121759	1
19435878	1
19581787	1
20338242	1
20531552	1
21577213	1
22597402	1
22979959	1
23832142	1
24320335	1
26912227	1
27159435	1
28219482	1
28587018	1
29370531	1
29444347	1
29742631	1
29822733	1
30998590	1
31228692	1
31708548	1
33608758	1
34255057	1
35401956	1
35531101	1
36477176	1
36878978	1
37192548	1
38195080	1
38344324	1
38920016	1
38962259	1
39527698	1
39674011	1
39688267	1
41177563	1
41179792	1
41678763	1
41684107	1
41877218	1
43066058	1
43201046	1
43510557	1
43747581	1
44081953	1
44084192	1
44084811	1
44191269	1
44698831	1
45497562	1
45564759	1
45804432	1
46043491	1
46316753	1
46322170	1
46408524	1
46810284	1
46874389	1
47015574	1
47023408	1
47678112	1
47731919	1
47799788	1
47891113	1
47929648	1
48007897	1
48385665	1
48712444	1
48957307	1
48959912	1
48968616	1
48972661	1
48981925	1
49004454	1
49136026	1
49187158	1
49195364	1
49196059	1
49198668	1
49210351	1
49215390	1
49233584	1
49255053	1
49270232	1
49272453	1
49479068	1
49479291	1
49483339	1
49499359	1
49540321	1
49549327	1
49549560	1
49588893	1
49659791	1
49669394	1
49692722	1
49701106	1
49772550	1
49949709	1
50346336	1
50815325	1
50845426	1
50958616	1
50970101	1
51286435	1
51311653	1
51374842	1
51435410	1
51571349	1
51776203	1
51864103	1
51872114	1
51878677	1
51892953	1
51905951	1
51912733	1
51970839	1
52025456	1
52039977	1
52040849	1
52041239	1
52043740	1
52259836	1
52558319	1
52620061	1
52857699	1
52948027	1
52975492	1
52996113	1
53029957	1
53057021	1
53261043	1
53652229	1
53714790	1
53780486	1
53780726	1
53781542	1
53783352	1
53784356	1
53792078	1
53808441	1
53819337	1
53819925	1
53825635	1
53826674	1
53826820	1
53873807	1
53948371	1
53974415	1
53978783	1
54080533	1
54234822	1
54265489	1
54353595	1
54634998	1
54638312	1
54671794	1
54784761	1
54786968	1
54888403	1
54890930	1
54891461	1
54909007	1
54951157	1
55028106	1
55056360	1
55069718	1
55081715	1
55085362	1
55090967	1
55091846	1
55094271	1
55101042	1
55109583	1
55113333	1
55116927	1
55120214	1
55143227	1
55148489	1
55162707	1
55194361	1
55194570	1
55207262	1
55207581	1
55214971	1
55221873	1
55243788	1
55256821	1
80479674	1
82487179	1
105830531	1
114488344	1
123222267	1
144602443	1
212958140	1
278082770	1
367651000	1
370098498	1
599789901	1
10935572	1
16119337	1
16753788	1
17640121	1
17656600	1
19230427	1
19951698	1
20726266	1
20731719	1
21196037	1
21365952	1
21375100	1
21706899	1
21972434	1
25836383	1
26778002	1
27662686	1
28222509	1
28265406	1
28843786	1
29940598	1
30428221	1
30993019	1
31776715	1
32179000	1
33438880	1
33869550	1
34461690	1
34589722	1
34762630	1
35008954	1
35959749	1
36299291	1
36943266	1
37384589	1
38021637	1
38520305	1
39321660	1
39328305	1
39413961	1
40010436	1
42570158	1
44091292	1
45107336	1
45954898	1
46071929	1
46553408	1
46609919	1
47497854	1
47722321	1
48109055	1
48336195	1
48364513	1
48638750	1
50055682	1
50342870	1
50449844	1
50613517	1
50660716	1
51184465	1
52346698	1
53671214	1
54047372	1
54244742	1
55197144	1
55398486	1
55639200	1
55825155	1
55962452	1
56163699	1
56232036	1
56484656	1
57475867	1
57697039	1
57710065	1
57757511	1
58384179	1
58524901	1
58954460	1
59568791	1
59989426	1
60018650	1
60257479	1
60346119	1
60375971	1
61858165	1
62204600	1
62969150	1
63417814	1
63471589	1
63478699	1
64110707	1
64891773	1
64968114	1
65319316	1
66618364	1
66618584	1
66984417	1
67041122	1
67828913	1
67856562	1
67946273	1
68524294	1
69137598	1
69406812	1
69412978	1
69763238	1
70277715	1
70468385	1
72024595	1
72110028	1
72186699	1
72348749	1
72835654	1
72849399	1
72852291	1




a_id,average_lenth_from_tweets,average_number_words_per_tweet,average_time_between_tweets,creation_content_sources,creation_date,default_profile,default_profile_image,desviacion_tipica_average_tweet_time,isabot,last_24_hours_tweet,lexical_diversity,location,name_length,name_letters_amount,name_numbers_amount,number_of_hashtags,number_of_mentions,number_of_tweets,number_of_urls,percent_negative_tweets,percent_neutral_tweets,percent_positive_tweets,ratio_friends_followers,smog_index,total_number_of_words,total_unique_words,verified
24858289,24.65,2.0,11356240,1,2009-03-17 08:51:12,True,False,53455.73235984612,1,3,0.925925925926,True,9,7,2,0,0,13117,100,0,100,0,1.61111111111,22.6,216,200,False
33212890,103.5,8.86,16214770,1,2009-04-19 14:38:04,False,False,53893.64542733679,1,6,0.584047462096,True,12,12,0,44,81,34010,49,0,100,0,0.107627139885,11.7,1517,886,True
39773427,79.7,7.46,568332430,3,2009-05-13 15:34:41,False,False,5068125.930631542,1,0,0.615004122012,True,10,8,2,36,65,25767,32,0,100,0,1.3302919708,10.7,1213,746,False
57007623,94.3,9.77,53206830,1,2009-07-15 12:55:03,False,False,489852.46503661433,1,0,0.61523929471,True,14,14,0,26,50,8547,30,25,50,25,0.828920570265,10.5,1588,977,False
96435556,93.05,7.1,4815160,1,2009-12-12 22:53:04,False,False,54550.10581832083,1,16,0.640794223827,True,10,10,0,1,7,49938,77,5,85,10,1.72378516624,11.1,1108,710,False
177671726,98.0,9.83,1327042360,3,2010-08-12 19:31:28,False,False,24850197.03928816,1,0,0.570185614849,True,15,15,0,33,82,264,31,0,100,0,4.52173913043,10.3,1724,983,False
223945761,97.75,7.58,2618400,1,2010-12-07 19:08:04,False,False,26580.825278008204,1,23,0.536447275301,True,13,13,0,0,0,170462,100,10,90,0,0.0184926727146,11.9,1413,758,False
237178034,76.3,8.71,34626030,1,2011-01-12 07:35:22,False,False,175120.15233332655,1,0,0.582998661312,True,11,9,2,3,4,2521,2,10,90,0,0.766473609442,10.9,1494,871,False
237201814,82.15,8.81,39672010,1,2011-01-12 09:18:38,False,False,179596.36059884398,1,0,0.592069892473,True,9,7,2,5,5,2825,2,0,95,5,1.14183161416,9.4,1488,881,False
237226175,92.75,9.31,40703970,1,2011-01-12 11:00:59,False,False,174758.11893846304,1,0,0.60651465798,True,9,7,2,3,9,2725,3,5,95,0,0.889523809524,9.8,1535,931,False
237234251,60.6,8.42,2212290,1,2011-01-12 11:31:54,False,False,2270.650469701481,1,0,0.580689655172,True,15,13,2,6,0,1326,2,0,100,0,0.791927449227,9.0,1450,842,False
240706202,88.36842105263158,8.68,37416030,1,2011-01-20 15:10:01,False,False,220834.54621749258,1,0,0.609550561798,True,10,10,0,4,3,7572,4,5,84,10,1.17468541821,9.8,1424,868,False
260649579,62.9,5.89,28512010,1,2011-03-04 09:03:56,True,False,172583.91239176234,1,0,0.485572959604,True,9,9,0,92,0,31246,0,0,100,0,0.0115894039735,11.7,1213,589,False
282659109,138.2,7.48,43241360,1,2011-04-15 16:57:53,False,False,227649.62001691878,1,0,0.3536643026,True,7,7,0,0,0,65932,99,15,80,5,0.27868852459,13.8,2115,748,False
299988118,65.26315789473684,5.62,351059440,1,2011-05-17 00:52:11,False,False,3518777.1355445576,1,0,0.536771728749,True,11,11,0,2,17,10897,17,0,94,5,4.88235294118,9.9,1047,562,False
327060670,118.55,8.6,606593270,1,2011-06-30 22:59:43,True,False,8630321.571026044,1,1,0.582261340555,True,6,6,0,3,1,27722,95,0,100,0,0.859543010753,11.6,1477,860,False
336996257,118.6,10.19,757950,1,2011-07-17 08:10:34,False,False,1843.0056558513327,1,100,0.69131614654,True,13,13,0,24,55,252246,84,0,95,5,0.164669002397,11.0,1474,1019,False
357536147,134.7,11.01,61074890,1,2011-08-18 14:33:51,False,False,278902.69640743884,1,2,0.611666666667,True,12,12,0,93,18,358,98,0,95,5,0.240269461078,13.4,1800,1101,False
393927847,107.0,15.0,0,1,2011-10-19 09:26:05,False,False,0.0,1,0,0.833333333333,True,13,11,2,1,1,41,0,0,0,100,0.688111888112,0,18,15,False
418501358,96.4,8.6,82874090,1,2011-11-22 07:44:43,False,False,2023294.519545872,1,0,0.595567867036,True,12,12,0,4,1,1273,0,0,100,0,0.85685483871,9.7,1444,860,False
421987528,78.6,6.99,432103470,2,2011-11-26 17:12:31,False,False,1899951.3920035814,1,0,0.64010989011,True,13,12,1,15,46,5417,61,5,95,0,1.86184210526,12.7,1092,699,False
430928749,122.6,10.27,5774590,1,2011-12-07 18:34:34,False,False,31014.493855292883,1,14,0.595362318841,True,15,15,0,0,0,53167,100,15,80,5,0.0274509803922,13.1,1725,1027,False
434722849,93.7,8.66,49361970,1,2011-12-12 07:02:50,False,False,186683.76111408297,1,0,0.598479612992,True,13,13,0,5,6,2655,3,5,90,5,1.15680559604,10.2,1447,866,False
434727810,90.05263157894737,8.57,923160590,2,2011-12-12 07:14:18,False,False,34644640.80250886,1,0,0.600981767181,True,15,15,0,11,8,2515,8,0,63,36,0.898014864992,9.8,1426,857,False
434728619,94.5,9.05,175693940,2,2011-12-12 07:16:17,False,False,5135790.640417061,1,0,0.602931379081,True,10,10,0,11,6,2635,9,5,80,15,0.851724458492,9.5,1501,905,False
434729769,87.05,8.71,37025970,1,2011-12-12 07:19:06,False,False,158917.21053020027,1,0,0.588116137745,True,11,11,0,6,4,2731,2,0,100,0,1.14707169745,9.8,1481,871,False
434742028,89.85714285714286,9.3,958646630,2,2011-12-12 07:48:38,False,False,24312912.309932593,1,0,0.593112244898,True,11,9,2,5,1,1127,0,0,92,7,0.788671623979,9.4,1568,930,False
434756188,93.71428571428571,8.71,8326670,1,2011-12-12 08:22:53,False,False,3523.8148861767436,1,0,0.596984235778,True,14,14,0,6,0,1372,1,7,78,14,0.654598053827,9.5,1459,871,False
434775697,94.5,9.09,447885350,2,2011-12-12 09:07:23,False,False,12001200.980043774,1,0,0.57495256167,True,13,13,0,3,1,1067,2,0,100,0,0.682089245322,9.2,1581,909,False
434790178,85.75,8.86,609019040,2,2011-12-12 09:39:24,False,False,24714555.85023992,1,0,0.595030221625,True,11,11,0,7,8,2515,8,0,90,10,0.884550921818,9.7,1489,886,False
434792369,86.75,8.96,949764360,2,2011-12-12 09:44:09,False,False,39449591.24361539,1,0,0.592200925314,True,10,10,0,2,23,2434,7,5,80,15,0.882745635056,11.0,1513,896,False
434795107,88.55,8.94,41796010,1,2011-12-12 09:50:03,False,False,258289.96651070286,1,0,0.586229508197,True,12,9,3,5,8,2670,5,5,90,5,0.917494199536,9.7,1525,894,False
458941316,51.22222222222222,6.28,54805610,1,2012-01-09 03:32:48,False,False,386239.5567671948,1,0,0.56678700361,True,15,12,3,0,19,1946,23,11,50,38,3.40875912409,6.7,1108,628,False
465306140,89.15,9.36,38322060,1,2012-01-16 06:13:22,False,False,183004.6405205275,1,0,0.598848368522,True,14,14,0,3,10,2252,1,0,90,10,1.1394299466,9.7,1563,936,False
465318952,122.3,10.49,11838350,2,2012-01-16 06:39:15,False,False,52881.665116820026,1,8,0.63003003003,True,12,12,0,37,93,188,71,5,95,0,0.794763513514,12.6,1665,1049,False
465320112,87.15,8.62,46674030,1,2012-01-16 06:41:32,False,False,303711.3212250903,1,0,0.604064470918,True,15,15,0,1,8,3593,2,0,85,15,1.1046720575,9.6,1427,862,False
465323815,53.0,6.7,334287580,1,2012-01-16 06:49:06,False,False,69452.56941928067,1,0,0.583115752829,True,14,12,2,2,8,3017,44,5,95,0,1.03799279356,11.3,1149,670,False
465325040,89.4375,9.09,10707680,1,2012-01-16 06:51:44,False,False,55288.25425271176,1,0,0.597240473062,True,13,13,0,6,0,801,2,12,87,0,1.05893234672,9.7,1522,909,False
465325633,82.75,8.74,36527980,1,2012-01-16 06:52:53,False,False,192502.86962855252,1,0,0.599451303155,True,9,9,0,2,5,3660,1,10,85,5,1.08098945254,9.7,1458,874,False
465328572,79.15,9.24,38015980,1,2012-01-16 06:58:59,False,False,163093.051239921,1,0,0.569667077682,True,9,9,0,4,12,3405,4,5,95,0,1.08343409915,9.6,1622,924,False
465343577,99.0,8.77,44464810,1,2012-01-16 07:30:23,False,False,508127.3616165439,1,0,0.591368846932,True,11,11,0,9,7,3679,3,15,80,5,1.10038507502,10.5,1483,877,False
465349136,94.35,9.91549295775,1661319338,1,2012-01-16 07:41:56,False,False,134037.80160723318,1,0,0.652455977757,True,14,14,0,55,71,75,32,0,95,5,0.789121847463,12.2,1079,704,False
465369276,116.1,9.46268656716,1760357089,1,2012-01-16 08:23:17,False,False,154032.53155294823,1,0,0.628968253968,True,11,11,0,54,67,73,58,15,85,0,0.820342583986,13.3,1008,634,False
465373317,97.8,9.29,48252700,1,2012-01-16 08:31:27,False,False,507760.09673245053,1,0,0.594369801663,True,15,15,0,7,6,3613,5,15,80,5,0.794106768586,10.1,1563,929,False
465373507,85.55,8.64,45246050,1,2012-01-16 08:31:52,False,False,335350.2122294841,1,0,0.626540971719,True,12,12,0,5,8,3573,6,10,85,5,1.11532097948,10.1,1379,864,False
465376231,126.05,10.1803278689,26828803,1,2012-01-16 08:36:58,False,False,173441.7913025217,1,0,0.644859813084,True,14,14,0,35,61,65,44,0,100,0,0.887652122291,12.7,963,621,False
465376509,78.45,8.29,41663960,1,2012-01-16 08:37:30,False,False,323985.32569875364,1,0,0.587943262411,True,12,12,0,4,2,3572,1,0,100,0,1.07187471712,10.0,1410,829,False
465378609,94.95,8.89,40896020,1,2012-01-16 08:41:48,False,False,263895.2910204349,1,0,0.555625,True,15,15,0,3,2,3727,0,10,85,5,1.12269756387,9.8,1600,889,False
465378983,98.84210526315789,10.935483871,1107052225,2,2012-01-16 08:42:34,False,False,8761445.585586574,1,0,0.733766233766,True,11,11,0,5,31,587,7,0,100,0,0.940698877657,10.6,462,339,False
465387088,84.6,9.29,49864380,1,2012-01-16 08:58:16,False,False,467082.1821618199,1,0,0.619746497665,True,12,12,0,7,8,3518,4,5,90,5,1.04098170873,10.3,1499,929,False
465387671,91.6,8.82,48330050,1,2012-01-16 08:59:29,False,False,223076.40609729997,1,0,0.593140551446,True,15,15,0,3,7,3743,2,10,85,5,1.09565475308,10.0,1487,882,False
465392383,91.5,8.26,51360020,1,2012-01-16 09:08:44,False,False,373453.1716512091,1,0,0.568479008947,True,14,14,0,7,4,3864,2,5,90,5,0.851209019433,8.7,1453,826,False
465393290,96.7,8.57,58034550,1,2012-01-16 09:10:26,False,False,511843.5593512338,1,0,0.579445571332,True,14,14,0,1,4,3610,2,0,100,0,1.08628414511,9.2,1479,857,False
465398499,123.65,9.74242424242,1787187030,1,2012-01-16 09:20:26,False,False,180678.2232278907,1,0,0.665631469979,True,10,10,0,39,66,69,53,0,100,0,0.870805369128,12.4,966,643,False
465399263,138.0,15.25,14571107750,2,2012-01-16 09:21:53,False,False,58276089.404737,1,0,0.818791946309,True,10,10,0,5,8,14,5,12,75,12,0.908287806579,13.0,149,122,False
465399558,108.52631578947368,10.08,823500010,1,2012-01-16 09:22:29,False,False,5170269.025401696,1,0,0.602510460251,True,13,13,0,18,100,1128,20,5,78,15,1.04819594417,10.5,1673,1008,False
465403330,89.33333333333333,9.43,12431440,1,2012-01-16 09:30:17,False,False,37698.81356128981,1,0,0.590852130326,True,14,14,0,5,0,786,1,0,100,0,1.03196903448,10.3,1596,943,False
465405613,91.65,9.04,55552410,1,2012-01-16 09:35:02,False,False,554812.3612734737,1,0,0.587394411956,True,13,13,0,10,9,3606,5,20,75,5,1.09322033898,10.4,1539,904,False
465418896,93.25,9.1,36834020,1,2012-01-16 10:01:55,False,False,232513.34057363248,1,0,0.587096774194,True,15,15,0,2,3,3678,3,0,95,5,1.08812441093,9.5,1550,910,False
465421036,104.35,9.18,40701970,1,2012-01-16 10:06:06,False,False,495856.12537609134,1,0,0.585459183673,True,11,11,0,12,10,4136,6,20,65,15,0.964415862808,10.7,1568,918,False
465429916,86.7,9.18,38130000,1,2012-01-16 10:23:49,False,False,280400.83077302034,1,0,0.578449905482,True,12,12,0,4,2,3556,2,0,95,5,1.03394722375,8.7,1587,918,False
465431259,85.36842105263158,8.97,15681460,1,2012-01-16 10:26:34,False,False,156290.46161994006,1,0,0.584745762712,True,14,14,0,2,1,935,1,0,94,5,1.04892194323,9.6,1534,897,False
465434130,92.2,8.92,38160030,1,2012-01-16 10:32:16,False,False,240173.9062682289,1,0,0.586456278764,True,14,14,0,1,4,3697,1,0,85,15,1.03957650618,9.4,1521,892,False
465435993,96.35,10.0606060606,36935712,1,2012-01-16 10:35:47,False,False,126146.16872591691,1,0,0.660696517413,True,9,9,0,48,66,67,26,15,80,5,0.770824699544,12.1,1005,664,False
465437206,89.8,9.44,12809950,1,2012-01-16 10:38:00,False,False,65340.0817109988,1,0,0.600127145582,True,14,14,0,7,0,762,0,13,86,0,1.04301878123,9.9,1573,944,False
466109264,88.15,8.54,47597540,1,2012-01-17 02:24:52,False,False,429310.83133388334,1,0,0.614830813535,True,14,14,0,13,9,3562,8,20,70,10,1.0489835905,11.0,1389,854,False
466116893,92.3,8.46,48785860,1,2012-01-17 02:36:26,False,False,255704.1393187838,1,0,0.561752988048,True,13,13,0,3,4,3503,1,5,85,10,1.10056004978,9.6,1506,846,False
466121357,134.4,10.92,16334710,1,2012-01-17 02:43:33,False,False,132377.64025403798,1,3,0.600660066007,True,12,12,0,65,100,139,45,10,80,10,0.974477042494,11.9,1818,1092,False
466124519,84.4,9.39,40326010,1,2012-01-17 02:48:47,False,False,253228.15070937513,1,0,0.610533159948,True,11,11,0,4,3,2404,1,0,100,0,1.03120772075,9.5,1538,939,False
466126074,50.0,9.0,0,1,2012-01-17 02:51:22,False,False,0.0,1,0,1.0,True,11,11,0,0,0,5,0,0,100,0,0.959095022624,8.8,9,9,False
466139143,98.0,9.35,926289780,2,2012-01-17 03:11:42,False,False,21528656.23787821,1,0,0.601286173633,True,11,11,0,7,1,922,3,0,100,0,1.07352541451,10.3,1555,935,False
466146699,122.05,11.2037037037,2206368962,1,2012-01-17 03:23:36,False,False,359430.3606977157,1,0,0.657608695652,True,15,15,0,35,54,55,31,5,85,10,0.990347163421,13.1,920,605,False
466152441,21.0,1.5,1716852500,1,2012-01-17 03:33:03,False,False,1716852.5,1,0,0.5,True,14,14,0,0,2,7,0,0,100,0,1.09094325442,8.8,6,3,False
466153262,95.25,9.60784313725,30234882,1,2012-01-17 03:34:24,False,False,98165.65734805829,1,0,0.671232876712,True,14,11,3,2,0,59,2,8,91,0,1.08740629685,9.7,730,490,False
466156124,84.45,8.27,38135390,1,2012-01-17 03:38:42,False,False,278358.19770609867,1,0,0.597543352601,True,12,12,0,4,8,2439,1,0,100,0,1.1427442848,9.7,1384,827,False
466159914,80.65,8.27,44910020,1,2012-01-17 03:44:20,False,False,237977.86826564354,1,0,0.59368269921,True,14,14,0,7,5,2651,2,5,85,10,1.15870075337,8.8,1393,827,False
466161043,86.75,9.12,12135270,1,2012-01-17 03:45:58,False,False,55787.36159485268,1,0,0.597640891219,True,11,10,1,12,0,819,2,6,93,0,1.00497895798,10.5,1526,912,False
466163583,97.35,9.09,50988910,1,2012-01-17 03:49:50,False,False,574293.5250193842,1,0,0.585695876289,True,11,11,0,7,8,3495,5,15,80,5,1.03612099644,10.6,1552,909,False
466176895,82.25,9.08,47860180,1,2012-01-17 04:11:24,False,False,295119.61117653636,1,0,0.607357859532,True,12,12,0,6,10,4023,6,0,100,0,1.05384383024,10.4,1495,908,False
466178381,67.125,8.76,766640,1,2012-01-17 04:13:52,False,False,17893.917662395615,1,0,0.575180564675,True,11,9,2,4,0,1176,2,0,100,0,0.871413667188,9.0,1523,876,False
466181545,90.0,8.74,49378590,1,2012-01-17 04:19:24,False,False,489060.2456864874,1,0,0.607366226546,True,14,14,0,7,9,3675,3,15,80,5,1.11593881623,10.0,1439,874,False
466182757,139.875,15.75,14571141875,2,2012-01-17 04:21:37,False,False,58276352.37719602,1,0,0.807692307692,True,14,14,0,7,8,13,4,12,75,12,1.0754181601,12.3,156,126,False
466183322,81.05,9.21,41543960,1,2012-01-17 04:22:34,False,False,192944.7552406906,1,0,0.601174934726,True,12,12,0,7,5,3557,1,5,85,10,0.998024366151,10.3,1532,921,False
466189857,116.0,20.0,0,1,2012-01-17 04:33:47,False,False,0.0,1,0,0.952380952381,True,12,12,0,0,1,8,0,0,100,0,1.07340201358,3.1,21,20,False
466203702,62.27272727272727,8.71,14799610,1,2012-01-17 04:58:28,False,False,37077.787262024336,1,0,0.579122340426,True,11,9,2,8,1,1180,1,0,90,9,1.00902397165,8.5,1504,871,False
466204969,83.65,9.28,46014020,1,2012-01-17 05:00:42,False,False,201697.61064660014,1,0,0.597168597169,True,14,14,0,4,4,3516,4,0,95,5,1.10701005371,9.6,1554,928,False
466207205,104.0,9.48,42186000,1,2012-01-17 05:04:47,False,False,163709.98180632573,1,0,0.588819875776,True,12,11,0,2,6,3682,2,10,85,5,1.05476923077,9.3,1610,948,False
466209990,64.4,8.31,38717950,1,2012-01-17 05:09:32,False,False,243825.3908526499,1,0,0.582748948107,True,13,11,2,3,7,3597,5,0,100,0,1.10952244781,9.9,1426,831,False
466212113,104.4,9.14,51750640,1,2012-01-17 05:13:24,False,False,525780.8830575338,1,0,0.590820943762,True,13,13,0,5,8,3418,7,15,85,0,1.03570767808,10.2,1547,914,False
7248952,133.1,12.14,1089595330,1,2007-07-04 12:30:03,False,False,40140041.23545932,1,0,0.643349231585,True,11,11,0,0,0,1564,100,10,50,40,2.5820256776,13.7,1887,1214,False
7732472,85.05,6.88,816205700,4,2007-07-26 09:07:31,False,False,8009895.8996777395,1,0,0.664734299517,True,12,12,0,17,14,1246,71,5,40,55,0.0130699088146,9.5,1035,688,False
9524952,86.0,6.62,627818960,4,2007-10-18 16:36:00,False,False,6183157.779526763,1,0,0.541291905151,True,10,10,0,25,52,5277,86,5,20,75,0.140551787411,10.2,1223,662,False
14596967,92.26315789473684,4.61,242360180,1,2008-04-30 06:22:14,False,False,38102.54131192029,1,0,0.274078478002,True,7,7,0,0,0,3788,100,0,0,100,1.15650901999,8.7,1682,461,False
14826060,81.6,6.8,760175360,2,2008-05-18 23:56:58,False,False,17531210.76288145,1,0,0.599647266314,True,10,10,0,0,13,2597,78,5,50,45,1.23303947873,8.8,1134,680,False
14938781,92.05,4.89,1734870490,5,2008-05-28 23:26:43,False,False,46229806.21158357,1,0,0.552542372881,True,15,15,0,20,18,368,100,0,55,45,1.51177536232,10.2,885,489,False
15528595,71.75,6.65,1691727870,3,2008-07-22 09:29:03,True,False,16761273.784907179,1,0,0.698529411765,True,12,12,0,3,4,869,97,15,55,30,0.46019711903,10.3,952,665,False
16671189,52.4,5.0,3062163240,3,2008-10-09 19:00:31,False,False,12767722.791144487,1,0,0.786163522013,True,11,11,0,4,2,25,23,0,70,30,2.13483146067,9.5,159,125,False
17976561,93.88888888888889,13.1111111111,2302385000,1,2008-12-08 23:03:21,False,False,6609407.827912481,1,0,0.723926380368,True,10,10,0,0,0,9,2,0,22,77,1.49005424955,6.2,163,118,False
19121759,80.6,5.95454545455,354517606,2,2009-01-17 20:03:29,False,False,7768299.318757019,1,0,0.64744645799,True,6,6,0,1,3,66,52,35,35,30,1.4122236671,9.5,607,393,False
19581787,119.15,3.18,1854311400,2,2009-01-27 07:41:15,False,False,68719072.66053805,1,0,0.228941684665,True,11,11,0,89,0,1816,95,5,45,50,1.39084402028,12.5,1389,318,False
20338242,110.15,8.62,30172050,2,2009-02-07 22:36:45,False,False,63867.81438633626,1,1,0.661042944785,True,8,2,0,26,86,9379,59,15,40,45,0.844936633333,10.8,1304,862,False
20531552,97.75,6.07,761270300,1,2009-02-10 18:15:03,False,False,15717123.720848396,1,0,0.3928802589,True,13,13,0,0,33,466,48,10,40,50,1.30937009248,9.8,1545,607,False
21577213,93.9,8.03333333333,984700400,1,2009-02-22 16:46:52,False,False,2405298.414094527,1,0,0.688571428571,True,15,15,0,9,3,31,19,0,90,10,3.11578947368,11.0,350,241,False
22597402,53.3,5.0,883102200,1,2009-03-03 07:12:10,True,None,2587755.0977337016,1,0,0.862068965517,True,15,8,0,1,0,10,10,0,70,30,1.37159372419,10.6,58,50,False
22979959,57.75,4.13,312628170,2,2009-03-05 21:13:24,False,False,5604711.615700626,1,0,0.77052238806,True,11,6,0,0,0,435,100,0,100,0,2.181272509,8.6,536,413,False
23832142,98.4,8.78,2545982050,1,2009-03-11 21:18:57,True,False,10823587.78130109,1,0,0.525748502994,True,14,14,0,2,61,215,27,25,45,30,1.75427872861,10.2,1670,878,False
24320335,71.35,2.11,1981370020,2,2009-03-14 03:28:40,False,False,37082400.397466354,1,0,0.241142857143,True,8,8,0,0,0,4485,100,0,85,15,1.72027972028,8.9,875,211,False
27159435,97.35,7.78260869565,1214907608,1,2009-03-28 02:30:15,True,False,8092008.039637434,1,0,0.61301369863,True,8,7,0,12,2,23,21,0,95,5,3.80742459397,11.3,292,179,False
28219482,97.89473684210526,8.32,1788759810,3,2009-04-01 22:57:20,False,False,13182973.467248037,1,0,0.729824561404,True,11,11,0,16,32,789,86,5,84,10,1.45476190476,11.1,1140,832,False
28587018,124.83333333333333,11.5,2348669166,1,2009-04-03 15:38:10,False,False,6781535.009453764,1,0,0.633027522936,True,9,6,3,0,2,12,11,8,16,75,0.8375,9.9,218,138,False
29370531,79.7,5.14,876470810,7,2009-04-07 03:33:01,True,False,24863845.461833507,1,0,0.581447963801,True,7,5,2,3,6,999,96,0,65,35,1.96464646465,10.2,884,514,False
29444347,80.85,5.97,62261810,1,2009-04-07 13:14:24,True,None,795246.8202407273,1,0,0.512006861063,True,13,11,2,34,10,152,90,20,45,35,3.76576576577,9.9,1166,597,False
29822733,83.11764705882354,8.05882352941,2345708705,1,2009-04-08 21:14:51,False,None,9815876.155110888,1,0,0.717277486911,True,11,11,0,4,0,17,14,0,94,5,5.4609375,9.9,191,137,False
30998590,99.55,2.03,275013390,4,2009-04-13 23:59:21,False,False,8577829.890230762,1,0,0.172913117547,True,12,6,0,1,95,679,99,10,20,70,1.27887600065,9.6,1174,203,False
31228692,127.6,8.13541666667,2981570645,1,2009-04-14 21:16:40,True,False,1207553.686048579,1,0,0.611589663273,True,14,8,0,16,47,96,53,15,30,55,1.01067943289,8.8,1277,781,False
31708548,84.05,7.97,1371956650,3,2009-04-16 09:53:03,False,False,35730790.404225275,1,0,0.59037037037,True,10,10,0,33,32,151,32,0,95,5,0.416822429907,9.8,1350,797,False
33608758,85.85,7.45,807471210,4,2009-04-20 18:23:19,False,False,14530813.870504469,1,0,0.563114134543,True,12,12,0,58,14,836,44,0,95,5,0.78488372093,9.9,1323,745,False
92633114,51.0,7.0,0,1,2009-11-25 23:00:00,True,None,0.0,1,0,1.0,True,8,0,8,0,0,1,1,0,0,100,0,11.2,7,7,False
35401956,80.4,4.26,145028620,1,2009-04-26 04:25:55,False,False,3082217.7235607556,1,0,0.390825688073,True,15,15,0,4,3,448,81,0,45,55,1.69764957265,9.2,1090,426,False
35531101,37.0,4.0,0,1,2009-04-26 18:44:22,True,False,0.0,1,0,1.0,True,9,5,1,0,0,1,1,0,100,0,3.86234817814,3.1,4,4,False
36477176,57.95,6.3,451618500,2,2009-04-29 20:51:49,False,False,6401162.810779041,1,0,0.616136919315,True,12,9,3,6,44,80,14,0,80,20,5.17796610169,9.5,818,504,False
36878978,73.55,6.15,1237740280,2,2009-05-01 04:08:51,False,False,57482652.22443622,1,0,0.696489241223,True,15,7,0,0,0,814,99,10,35,55,0.46893638171,10.1,883,615,False
37192548,104.0,10.42,72598980,2,2009-05-02 13:06:48,False,False,1919372.382165923,1,0,0.64241676942,True,7,5,2,3,96,199,68,0,60,40,1.50769230769,10.1,1622,1042,False
38195080,126.7,10.24,412887580,2,2009-05-06 15:02:31,False,False,2828540.4533393416,1,0,0.61061419201,True,12,12,0,16,57,56201,64,0,100,0,0.882031905961,14.2,1677,1024,False
38344324,76.3,8.05,508882470,2,2009-05-07 02:22:58,False,False,1966879.1264722515,1,0,0.627925117005,True,9,9,0,7,2,479,79,5,60,35,2.98322147651,8.4,1282,805,False
38920016,82.55,4.11,52027210,1,2009-05-09 20:19:26,False,False,325288.5325553146,1,0,0.33225545675,True,15,15,0,8,8,125,45,20,20,60,1.27475498479,10.5,1237,411,False
38962259,70.6,3.67,60060400,1,2009-05-10 00:44:06,False,False,801840.7358743444,1,0,0.317474048443,True,8,6,0,4,7,452,84,0,70,30,2.17429837518,9.0,1156,367,False
39527698,50.3,3.32,36324810,3,2009-05-12 15:54:13,False,False,583542.9503002221,1,0,0.737777777778,True,12,12,0,5,1,3834,86,0,100,0,0.158823529412,14.0,450,332,False
39674011,84.55,6.69047619048,520230238,1,2009-05-13 03:08:41,True,False,3721416.0591816995,1,0,0.505395683453,True,10,10,0,1,1,42,7,10,45,45,2.48453608247,9.3,556,281,False
39688267,99.3,9.02,78898840,1,2009-05-13 04:33:11,False,False,385988.27952206007,1,0,0.615279672578,True,9,9,0,0,0,2647,59,0,100,0,3.21176470588,10.1,1466,902,False
41177563,87.70588235294117,7.82352941176,15458801411,1,2009-05-19 18:39:02,False,False,60770881.06677316,1,0,0.715053763441,True,14,12,2,5,1,17,16,5,88,5,6.72222222222,11.1,186,133,False
41179792,76.0,5.88,724281760,4,2009-05-19 18:49:23,False,False,19626232.23779595,1,0,0.563758389262,True,11,7,0,31,81,325,8,5,95,0,1.20868347339,8.2,1043,588,False
41678763,68.66666666666667,2.16666666667,9577333,1,2009-05-21 21:10:30,True,False,20369.766834426187,1,0,0.541666666667,True,14,12,0,0,0,6,6,0,66,33,0.796074154853,11.7,24,13,False
41684107,84.6,4.16,205725060,2,2009-05-21 21:37:19,False,False,687032.575828803,1,0,0.366197183099,True,10,10,0,4,79,186,33,0,100,0,2.69141914191,8.5,1136,416,False
41877218,68.05263157894737,5.67,1192260290,4,2009-05-22 19:01:47,False,False,19034781.209224198,1,0,0.535410764873,True,11,10,1,28,24,286,18,0,63,36,0.628630705394,10.0,1059,567,False
43066058,36.0,5.0,0,1,2009-05-28 07:14:38,True,False,0.0,1,0,1.0,True,11,7,2,0,0,1,1,0,0,100,4.99270072993,3.1,5,5,False
43201046,93.3,10.0,206568230,2,2009-05-28 21:29:50,False,False,1245518.8817769194,1,1,0.688231245699,True,12,12,0,26,82,1086,44,0,90,10,3.12824427481,11.4,1453,1000,False
43510557,39.0,6.0,0,1,2009-05-30 10:21:11,True,None,0.0,1,0,1.0,True,10,6,2,0,0,1,1,0,0,100,5.56730769231,3.1,6,6,False
43747581,89.95,7.2,315717120,2,2009-05-31 20:17:17,False,None,2560618.768364688,1,0,0.589680589681,True,6,3,3,47,59,146,93,5,75,20,2.25050916497,10.3,1221,720,False
44081953,37.0,4.0,0,1,2009-06-02 07:53:30,True,False,0.0,1,0,1.0,True,11,7,2,0,0,1,1,0,0,100,4.7265625,8.8,4,4,False
44084192,39.0,6.0,0,1,2009-06-02 08:18:02,True,False,0.0,1,0,1.0,True,11,7,2,0,0,1,1,0,0,100,4.53409090909,8.8,6,6,False
44084811,46.0,7.0,0,1,2009-06-02 08:24:48,True,False,0.0,1,0,1.0,True,11,7,2,0,0,1,1,0,0,100,4.88421052632,8.8,7,7,False
44191269,68.5,8.4375,48452000,1,2009-06-02 19:48:36,True,False,197561.2280772782,1,0,0.833333333333,True,10,10,0,0,0,16,9,6,37,56,2.32203389831,10.2,162,135,False
44698831,66.0,4.61,26584550,1,2009-06-04 19:38:04,True,False,310801.22496893414,1,0,0.60182767624,True,11,11,0,2,1,309,90,10,50,40,1.46454767726,11.4,766,461,False
45497562,36.0,4.0,0,1,2009-06-08 04:12:57,True,False,0.0,1,0,1.0,True,7,3,2,0,0,1,1,0,0,100,3.66091954023,8.8,4,4,False
45564759,94.6,8.33333333333,3157305666,2,2009-06-08 13:32:05,False,False,36473304.49642277,1,0,0.683371298405,True,10,10,0,9,7,36,32,0,85,15,2.53571428571,10.6,439,300,False
45804432,37.0,5.0,0,1,2009-06-09 09:48:31,True,False,0.0,1,0,1.0,True,12,7,3,0,0,1,1,0,0,100,4.94444444444,3.1,5,5,False
46043491,75.75,1.74,98218930,2,2009-06-10 05:11:50,True,False,1011179.3611270888,1,0,0.125360230548,True,14,8,0,0,0,257,100,80,10,10,1.95690747782,8.6,1388,174,False
46316753,34.0,4.0,0,1,2009-06-11 04:44:39,True,False,0.0,1,0,1.0,True,13,8,3,0,0,1,1,0,100,0,5.27272727273,8.8,4,4,False
46322170,39.0,4.0,0,1,2009-06-11 05:22:05,True,False,0.0,1,0,1.0,True,9,4,3,0,0,1,1,0,100,0,4.89075630252,3.1,4,4,False
46408524,128.4,10.6329113924,197053329,1,2009-06-11 15:18:09,True,False,5006953.257544987,1,0,0.443974630021,True,15,15,0,1,4,79,19,5,10,85,1.17216332941,8.4,1892,840,False
46810284,67.5,9.5,3797393000,2,2009-06-13 02:53:59,False,False,3797393.0,1,0,0.95,True,10,10,0,0,0,21,2,50,50,0,0.00210010500525,9.7,20,19,False
46874389,77.8,3.34,230352900,1,2009-06-13 12:02:29,False,False,2935866.426503597,1,0,0.295313881521,True,13,7,0,3,2,767,71,0,100,0,3.05412371134,9.6,1131,334,False
47015574,42.0,6.0,0,1,2009-06-14 02:36:25,True,False,0.0,1,0,1.0,True,11,6,3,0,0,1,1,0,0,100,5.33928571429,8.8,6,6,False
47023408,36.0,6.0,0,1,2009-06-14 03:24:56,True,False,0.0,1,0,1.0,True,12,7,3,0,0,1,1,0,100,0,4.50862068966,3.1,6,6,False
47678112,124.85714285714286,10.7857142857,13564785,1,2009-06-16 17:09:03,True,False,48742.87489118962,1,0,0.491856677524,True,15,15,0,0,0,14,6,21,21,57,1.29322610578,7.5,307,151,False
47731919,89.0,11.3333333333,4060879333,1,2009-06-16 20:13:08,False,False,4982507.617081249,1,0,0.944444444444,True,12,12,0,1,1,3,3,0,0,100,1.41941941942,9.7,36,34,False
47799788,75.15,7.41,13058480,1,2009-06-17 01:05:19,False,False,172938.30843143893,1,0,0.563069908815,True,7,7,0,32,56,2095,7,5,85,10,1.84197828709,8.7,1316,741,False
47891113,33.0,4.0,0,1,2009-06-17 07:42:20,True,None,0.0,1,0,1.0,True,12,7,3,0,0,1,1,0,100,0,6.5,3.1,4,4,False
48007897,64.4,3.46,147858130,1,2009-06-17 16:02:43,False,False,5073375.3827386,1,0,0.308928571429,True,12,12,0,0,6,277,88,0,65,35,3.24225352113,8.9,1120,346,False
48385665,122.15789473684211,12.5714285714,9644240619,2,2009-06-18 15:35:56,False,False,70694291.05638497,1,0,0.819875776398,True,15,13,2,5,15,22,20,10,63,26,5.3896713615,10.9,322,264,False
48712444,64.36842105263158,6.38,1798807720,3,2009-06-19 14:00:52,False,False,79724093.85444443,1,0,0.590740740741,True,13,13,0,37,35,3863,29,0,100,0,0.751109701966,9.5,1080,638,False
48957307,62.0,5.33333333333,426429666,1,2009-06-20 07:58:16,True,False,559603.1586760588,1,0,1.0,True,15,10,5,0,0,3,2,0,66,33,9.528,10.1,16,16,False
48959912,83.75,4.35,277809140,2,2009-06-20 08:17:05,False,False,191054.77865261576,1,0,0.337209302326,True,9,8,1,0,2,245,67,0,30,70,2.3921302578,10.7,1290,435,False
48972661,64.66666666666667,6.0,425168333,1,2009-06-20 09:58:27,True,False,557725.4223231676,1,0,1.0,True,14,6,4,0,0,3,2,0,66,33,9.56923076923,8.1,18,18,False
49195364,60.333333333333336,5.33333333333,403957000,1,2009-06-21 02:06:31,True,None,528243.7122265527,1,0,0.888888888889,True,15,10,5,0,0,3,2,0,33,66,8.66,7.8,18,16,False
49196059,69.0,8.5,499461000,1,2009-06-21 02:09:25,True,False,499461.0,1,0,0.944444444444,True,15,10,5,0,0,2,2,0,0,100,7.23033707865,6.4,18,17,False
49198668,71.66666666666667,8.33333333333,402528666,1,2009-06-21 02:19:33,True,False,526240.7481606368,1,0,1.0,True,15,10,5,0,0,3,2,0,66,33,8.76397515528,8.8,25,25,False
49215390,58.5,7.5,506914000,1,2009-06-21 03:19:30,True,False,506914.0,1,0,1.0,True,15,10,5,0,0,2,2,0,100,0,9.1067961165,7.2,15,15,False
49233584,60.0,8.33333333333,320495333,1,2009-06-21 04:40:31,True,False,422720.6340538499,1,0,0.961538461538,True,14,10,4,0,0,3,3,0,66,33,7.58,6.7,26,25,False
49255053,86.66666666666667,10.6666666667,322669333,1,2009-06-21 06:45:30,True,False,425786.98946173646,1,0,0.864864864865,True,15,10,5,0,0,3,3,0,33,66,8.46892655367,7.4,37,32,False
49270232,73.33333333333333,10.6666666667,321796000,1,2009-06-21 08:26:55,True,False,424104.2394791901,1,0,1.0,True,15,10,5,0,0,3,3,33,33,33,9.6644295302,6.7,32,32,False
49479291,70.5,10.5,702295500,1,2009-06-22 00:28:29,True,False,702295.5,1,0,1.0,True,15,10,5,0,0,2,2,0,0,100,7.83018867925,10.1,21,21,False
49499359,86.0,11.5,703768000,1,2009-06-22 01:54:13,True,False,703768.0,1,0,1.0,True,15,10,5,0,0,2,2,0,0,100,9.62773722628,8.1,23,23,False
49540321,76.7,3.29,1203917530,4,2009-06-22 04:50:04,False,False,26979536.742907684,1,0,0.835025380711,True,9,9,0,0,25,361,6,0,100,0,2.58799171843,6.6,394,329,False
49549560,53.666666666666664,6.0,443268666,1,2009-06-22 05:43:24,True,None,547937.2766204379,1,0,0.9,True,15,10,5,0,0,3,3,0,0,100,10.0128205128,8.8,20,18,False
49588893,63.5,6.5,405756500,1,2009-06-22 10:08:20,True,False,405756.5,1,0,1.0,True,15,7,5,0,0,2,2,0,0,100,9.1963190184,8.8,13,13,False
49659791,77.0,11.0,404022500,1,2009-06-22 15:23:42,True,False,404022.5,1,0,1.0,True,15,4,1,0,0,2,2,0,0,100,8.84403669725,6.4,22,22,False
49669394,45.5,5.0,400465000,1,2009-06-22 15:55:02,True,False,400465.0,1,0,1.0,True,14,5,4,0,0,2,2,0,50,50,8.26829268293,6.4,10,10,False
49692722,66.0,8.5,405339500,1,2009-06-22 17:11:51,True,False,405339.5,1,0,0.944444444444,True,15,6,9,0,0,2,2,0,0,100,9.87755102041,10.1,18,17,False
49772550,65.0,9.0,402719500,1,2009-06-22 21:29:00,True,False,402719.5,1,0,1.0,True,15,10,5,0,0,2,2,0,0,100,9.78,7.8,18,18,False
49949709,76.0,11.0,238363000,1,2009-06-23 11:24:05,True,False,238363.0,1,0,1.0,True,14,10,4,0,0,2,2,50,0,50,7.10714285714,7.8,22,22,False
50346336,64.15789473684211,5.57,2010172530,2,2009-06-24 16:05:47,False,False,68475619.85862435,1,0,0.463394342762,True,10,4,0,14,29,517,57,0,94,5,0.585106382979,10.2,1202,557,False
50845426,76.7,5.7037037037,764740851,2,2009-06-26 00:42:57,False,False,10461410.879397718,1,0,0.553956834532,True,7,7,0,3,43,54,12,0,100,0,1.0625,9.9,556,308,False
51311653,51.333333333333336,7.0,220917000,1,2009-06-27 02:03:34,True,False,270929.0695698784,1,0,1.0,True,14,1,1,0,0,3,3,33,33,33,7.85123966942,7.8,21,21,False
51571349,91.65,4.61,175029320,3,2009-06-27 22:08:40,False,False,6205604.229713997,1,0,0.363851617995,True,9,9,0,68,32,37040,39,0,65,35,1.13420496058,8.8,1267,461,False
51872114,113.45,1.77,9255300,1,2009-06-28 22:51:24,True,None,61303.44543112972,1,0,0.110143123833,True,15,15,0,0,0,2644,90,0,50,50,1.22904816079,10.3,1607,177,False
51892953,34.0,2.66666666667,234952333,1,2009-06-29 00:16:03,True,False,290505.8438184449,1,0,0.888888888889,True,15,10,5,0,0,3,3,0,33,66,7.82666666667,7.8,9,8,False
51905951,34.5,2.5,217387500,1,2009-06-29 01:11:51,True,False,217387.5,1,0,0.833333333333,True,15,10,5,0,0,2,2,0,50,50,7.5487804878,8.8,6,5,False
52039977,33.0,2.5,213461000,1,2009-06-29 12:23:05,True,False,213461.0,1,0,0.833333333333,True,15,10,5,0,0,2,2,0,100,0,8.16901408451,0,6,5,False
52043740,34.0,2.5,213384500,1,2009-06-29 12:40:36,True,False,213384.5,1,0,0.833333333333,True,15,3,6,0,0,2,2,0,50,50,7.15476190476,8.8,6,5,False
52259836,56.0,5.61290322581,737144612,5,2009-06-30 01:32:05,False,False,2944899.1878528283,1,0,0.531027466938,True,7,4,0,16,9,93,59,5,85,10,3.16751269036,10.1,983,522,False
52558319,93.36842105263158,7.69696969697,4653140151,3,2009-06-30 23:25:12,False,False,39374670.60787078,1,0,0.679144385027,True,9,9,0,4,13,34,5,0,78,21,0.864864864865,8.5,374,254,False
52620061,41.0,6.0,0,1,2009-07-01 03:30:14,True,False,0.0,1,0,1.0,True,11,6,2,0,0,1,1,0,0,100,6.94871794872,8.8,6,6,False
52857699,52.0,6.0,262631500,1,2009-07-01 21:30:32,True,False,262631.5,1,0,1.0,True,13,13,0,0,0,2,2,0,50,50,7.86666666667,3.1,12,12,False
52948027,67.5,10.0,258439500,1,2009-07-02 03:00:01,True,False,258439.5,1,0,1.0,True,13,13,0,0,0,2,2,0,0,100,10.3089430894,3.1,20,20,False
52975492,116.15,9.4,1072650250,3,2009-07-02 05:00:30,False,False,14006299.177666744,1,0,0.58024691358,True,12,12,0,22,80,1425,72,0,60,40,0.267759562842,10.8,1620,940,False
52996113,79.35,5.11,56519630,1,2009-07-02 06:54:25,False,False,385167.0890174159,1,0,0.464968152866,True,15,15,0,2,0,6761,100,10,60,30,0.998352214212,8.8,1099,511,False
53029957,30.0,4.0,0,1,2009-07-02 10:44:52,True,False,0.0,1,0,1.0,True,9,4,2,0,0,1,1,0,100,0,5.86274509804,3.1,4,4,False
53057021,83.1,7.70666666667,314734333,1,2009-07-02 13:08:18,False,False,2517489.080702486,1,0,0.615548455804,True,10,10,0,6,42,75,14,0,85,15,5.48648648649,8.5,939,578,False
53261043,37.0,6.0,0,1,2009-07-03 02:01:39,True,False,0.0,1,0,1.0,True,10,5,2,0,0,1,1,0,100,0,4.77966101695,3.1,6,6,False
53652229,39.0,5.0,0,1,2009-07-04 11:40:51,True,False,0.0,1,0,1.0,True,11,6,2,0,0,1,1,0,100,0,5.87234042553,3.1,5,5,False
53714790,36.0,3.0,0,1,2009-07-04 17:18:33,True,False,0.0,1,0,1.0,True,15,10,5,0,0,1,1,0,0,100,5.44444444444,0,3,3,False
53780486,34.0,3.0,0,1,2009-07-04 22:48:38,True,False,0.0,1,0,1.0,True,15,3,1,0,0,1,1,0,0,100,5.6511627907,0,3,3,False
53780726,33.0,3.0,0,1,2009-07-04 22:50:02,True,False,0.0,1,0,1.0,True,15,10,5,0,0,1,1,0,100,0,6.175,0,3,3,False
53781542,34.0,3.0,0,1,2009-07-04 22:54:24,True,False,0.0,1,0,1.0,True,15,3,1,0,0,1,1,0,100,0,8.53571428571,0,3,3,False
53783352,34.0,3.0,0,1,2009-07-04 23:04:13,True,None,0.0,1,0,1.0,True,15,10,5,0,0,1,1,0,0,100,7.33333333333,3.1,3,3,False
53784356,34.0,3.0,0,1,2009-07-04 23:10:20,True,False,0.0,1,0,1.0,True,15,3,1,0,0,1,1,0,0,100,6.72222222222,3.1,3,3,False
53792078,56.75,4.3125,8244212437,3,2009-07-04 23:56:14,False,False,32843157.081246674,1,0,0.663461538462,True,12,12,0,5,2,16,14,0,75,25,1.07843137255,11.8,104,69,False
53808441,92.52631578947368,7.03,166494060,1,2009-07-05 01:36:41,False,False,4786284.287398359,1,0,0.562850280224,True,12,8,4,17,33,375,20,0,94,5,2.81472392638,9.7,1249,703,False
53819337,35.0,3.0,0,1,2009-07-05 02:39:43,True,False,0.0,1,0,1.0,True,15,10,5,0,0,1,1,0,0,100,7.87096774194,3.1,3,3,False
53819925,35.0,3.0,0,1,2009-07-05 02:42:51,True,False,0.0,1,0,1.0,True,15,10,5,0,0,1,1,0,0,100,7.25,3.1,3,3,False
53825635,34.0,3.0,0,1,2009-07-05 03:17:18,True,False,0.0,1,0,1.0,True,15,10,5,0,0,1,1,0,100,0,7.75862068966,3.1,3,3,False
53826674,34.0,3.0,0,1,2009-07-05 03:23:52,True,False,0.0,1,0,1.0,True,15,10,5,0,0,1,1,0,100,0,5.70212765957,3.1,3,3,False
53826820,33.0,3.0,0,1,2009-07-05 03:24:41,True,False,0.0,1,0,1.0,True,15,3,5,0,0,1,1,0,100,0,5.71739130435,3.1,3,3,False
53873807,40.0,6.0,0,1,2009-07-05 09:05:46,True,False,0.0,1,0,1.0,True,13,8,2,0,0,1,1,0,100,0,5.42,3.1,6,6,False
53948371,33.0,3.0,0,1,2009-07-05 16:49:17,True,False,0.0,1,0,1.0,True,15,9,6,0,0,1,1,0,100,0,8.0487804878,0,3,3,False
53978783,69.5,3.5,844786500,1,2009-07-05 19:09:37,True,None,1221069.4664337027,1,0,0.466666666667,True,6,6,0,0,0,4,4,0,0,100,6.32718894009,7.8,30,14,False
54080533,33.0,3.0,0,1,2009-07-06 02:18:57,True,False,0.0,1,0,1.0,True,13,13,0,0,0,1,1,0,100,0,6.74509803922,0,3,3,False
54234822,85.89473684210526,5.96,335860070,3,2009-07-06 15:30:08,False,False,7240492.270781815,1,0,0.566001899335,True,13,13,0,29,42,743,32,0,89,10,2.76351351351,9.6,1053,596,False
54265489,69.25,9.75,4364885000,1,2009-07-06 17:09:00,False,False,8662731.731666645,1,0,0.975,True,14,13,1,2,0,4,2,0,75,25,7.42424242424,10.7,40,39,False
54353595,117.75,5.92,738114990,2,2009-07-06 22:21:01,True,False,10277890.89121164,1,0,0.667418263811,True,7,7,0,14,11,4666,85,0,30,70,1.25147232038,8.7,887,592,False
54634998,81.7,8.87951807229,57985578,1,2009-07-07 18:32:57,False,False,1095191.0585881763,1,0,0.67429094236,True,12,12,0,0,0,83,23,15,30,55,4.85428571429,8.4,1093,737,False
54638312,89.45,9.08536585366,58628756,1,2009-07-07 18:45:51,True,False,1185709.9551156797,1,0,0.677888989991,True,13,13,0,0,0,82,30,10,35,55,4.19458128079,8.4,1099,745,False
54671794,65.8,8.68041237113,49398556,1,2009-07-07 20:50:42,False,False,984888.928328068,1,0,0.645210727969,True,15,15,0,0,0,97,39,15,40,45,3.29132231405,8.3,1305,842,False
54784761,99.15,9.95744680851,50854074,1,2009-07-08 03:31:19,False,False,50467.234511017145,1,0,0.660084626234,True,15,15,0,0,0,94,32,5,50,45,3.29268292683,8.1,1418,936,False
54786968,88.0,9.16129032258,51358397,1,2009-07-08 03:40:43,False,False,43518.80205600793,1,0,0.651376146789,True,13,13,0,0,0,93,35,25,40,35,3.44891640867,8.2,1308,852,False
54888403,78.35,8.91780821918,65036178,1,2009-07-08 13:04:28,True,False,1263680.4079845506,1,0,0.631425800194,True,15,15,0,0,0,73,25,30,40,30,4.55096418733,7.8,1031,651,False
54890930,73.95,8.40476190476,56394261,1,2009-07-08 13:14:54,True,None,591325.2096564546,1,0,0.675598086124,True,15,15,0,0,0,84,33,15,45,40,4.92507204611,8.1,1045,706,False
54891461,82.55,9.35135135135,63924216,1,2009-07-08 13:17:00,False,False,1174485.7709501325,1,0,0.66474543708,True,15,15,0,0,0,74,20,15,30,55,4.09651474531,7.8,1041,692,False
54909007,80.75,9.18072289157,56848024,1,2009-07-08 14:21:55,False,False,1342958.303749595,1,0,0.63872590109,True,14,14,0,0,0,83,26,5,60,35,3.92673992674,7.7,1193,762,False
54951157,80.05,9.85882352941,55664082,1,2009-07-08 16:45:31,False,False,1341398.1728553607,1,0,0.6704,True,15,15,0,0,0,85,29,5,45,50,3.82386363636,7.7,1250,838,False
55028106,82.95,9.93055555556,65107458,1,2009-07-08 21:03:19,False,False,1377601.7577639946,1,0,0.672624647225,True,13,13,0,0,0,72,28,10,35,55,3.64069264069,7.2,1063,715,False
55056360,69.55,8.07142857143,48096510,1,2009-07-08 22:45:04,False,False,43605.01062065574,1,0,0.645714285714,True,13,13,0,0,0,98,35,30,25,45,3.44273127753,8.3,1225,791,False
55069718,85.65,8.58620689655,54146988,1,2009-07-08 23:34:40,False,False,52451.0515102176,1,0,0.643410852713,True,15,15,0,0,0,87,20,5,55,40,4.54200542005,7.6,1161,747,False
55081715,35.0,5.0,0,1,2009-07-09 00:20:15,True,False,0.0,1,0,1.0,True,11,6,1,0,0,1,1,0,0,100,6.06382978723,3.1,5,5,False
55085362,78.25,9.2875,58830025,1,2009-07-09 00:36:45,False,False,1260379.8774960062,1,0,0.667565139263,True,15,15,0,0,0,80,25,15,50,35,3.72087912088,7.9,1113,743,False
55091846,67.9,3.46,796420,1,2009-07-09 01:04:19,False,False,1085.0226207319365,1,0,0.296740994854,True,15,8,0,65,32,724,58,0,95,5,1.45445134576,10.8,1166,346,False
55094271,84.55,9.3,58712337,1,2009-07-09 01:14:09,False,False,1089999.5531039406,1,0,0.658407079646,True,15,15,0,0,0,80,24,0,65,35,4.17168674699,7.3,1130,744,False
55101042,68.8,8.87012987013,60926480,1,2009-07-09 01:39:02,False,False,970189.6855265714,1,0,0.643732327992,True,15,15,0,0,0,77,26,10,45,45,4.49731182796,8.4,1061,683,False
55109583,65.5,9.05128205128,60160512,1,2009-07-09 02:12:49,False,False,53068.47340125774,1,0,0.69900990099,True,15,15,0,0,0,78,26,15,45,40,3.00173010381,8.1,1010,706,False
55113333,78.15,9.58904109589,64338931,1,2009-07-09 02:27:29,False,False,37100.3855094189,1,0,0.686274509804,True,13,13,0,0,0,73,26,10,60,30,3.46288209607,8.2,1020,700,False
55116927,42.0,4.0,0,1,2009-07-09 02:41:09,True,False,0.0,1,0,1.0,True,13,10,1,0,0,1,1,0,0,100,10.2156862745,3.1,4,4,False
55120214,97.7,10.2567567568,63418959,1,2009-07-09 02:54:26,False,None,1387642.1828649489,1,0,0.677074041035,True,15,15,0,0,0,74,28,15,30,55,4.04326923077,8.2,1121,759,False
55143227,42.0,4.0,0,1,2009-07-09 04:36:06,True,False,0.0,1,0,1.0,True,13,13,0,0,0,1,1,0,0,100,12.7425742574,3.1,4,4,False
55148489,42.0,4.0,0,1,2009-07-09 05:02:32,True,False,0.0,1,0,1.0,True,13,13,0,0,0,1,1,0,0,100,11.4736842105,3.1,4,4,False
55162707,42.0,4.0,0,1,2009-07-09 06:24:08,True,False,0.0,1,0,1.0,True,13,11,1,0,0,1,1,0,0,100,12.9803921569,3.1,4,4,False
55194361,42.0,4.0,0,1,2009-07-09 09:56:07,True,False,0.0,1,0,1.0,True,13,10,1,0,0,1,1,0,0,100,11.1111111111,3.1,4,4,False
55194570,42.0,4.0,0,1,2009-07-09 09:57:42,True,False,0.0,1,0,1.0,True,13,13,0,0,0,1,1,0,0,100,10.4224137931,3.1,4,4,False
55207262,41.0,6.0,0,1,2009-07-09 11:17:48,True,None,0.0,1,0,1.0,True,10,5,1,0,0,1,1,0,100,0,6.5,8.8,6,6,False
55207581,73.45,9.32954545455,53006102,1,2009-07-09 11:19:47,False,False,1094009.3523655727,1,0,0.62196969697,True,15,15,0,0,0,88,31,5,70,25,4.23631123919,7.7,1320,821,False
55214971,94.15,9.42105263158,61359710,1,2009-07-09 11:59:42,False,False,1092668.5834390167,1,0,0.679316888046,True,15,15,0,0,0,76,24,10,50,40,3.11861313869,7.5,1054,716,False
55221873,67.5,9.3875,58150337,1,2009-07-09 12:34:35,False,False,589068.852078176,1,0,0.687099725526,True,15,15,0,0,0,80,26,10,60,30,4.70303030303,7.9,1093,751,False
55243788,88.6,9.35,58246562,1,2009-07-09 14:04:53,False,False,598501.8768647765,1,0,0.675090252708,True,15,15,0,0,0,80,22,25,40,35,3.59243697479,8.8,1108,748,False
55256821,70.45,8.67058823529,54754647,1,2009-07-09 14:53:07,False,False,982088.9309601551,1,0,0.657448706512,True,15,15,0,0,0,85,30,20,55,25,3.12974051896,7.4,1121,737,False
80479674,40.95,4.10714285714,6935801214,3,2009-10-07 03:19:21,False,False,43405625.36822978,1,0,0.793103448276,True,9,2,0,1,5,28,16,5,55,40,36.243902439,8.2,145,115,False
82487179,112.75,9.35,630283440,2,2009-10-14 23:40:17,False,False,14447765.044566255,1,0,0.636487406399,True,12,4,2,11,28,1442,25,15,70,15,4.36734693878,9.8,1469,935,False
105830531,78.21052631578948,8.43,1323242740,2,2010-01-17 16:46:52,False,False,4514958.785987465,1,0,0.706030150754,True,12,12,0,54,48,161,74,0,100,0,12.4497354497,11.9,1194,843,False
114488344,95.65,6.11842105263,3100936250,6,2010-02-15 15:49:58,True,False,56646697.279876344,1,0,0.53264604811,True,10,6,4,3,42,76,55,5,90,5,3.57575757576,9.5,873,465,False
144602443,47.15,4.62,449692050,1,2010-05-16 19:51:50,True,False,4863678.799869755,1,0,0.513333333333,True,11,11,0,4,51,327,13,0,95,5,11.696969697,9.9,900,462,False
278082770,83.65,6.91891891892,1278908378,2,2011-04-06 15:35:32,True,False,29532517.373971798,1,0,0.568888888889,True,6,6,0,5,58,75,5,0,100,0,32.8604651163,10.7,900,512,False
367651000,31.2,3.8,2313731400,1,2011-09-04 09:54:29,True,False,4512916.751251607,1,0,0.904761904762,True,8,8,0,0,3,5,0,0,100,0,2.1875,9.7,21,19,False
370098498,33.95,1.8,127047800,1,2011-09-08 13:20:35,False,False,1619234.287764883,1,0,0.687022900763,True,15,15,0,0,0,773,97,5,85,10,50.6666666667,11.6,262,180,False
10935572,95.0,7.71,586648340,1,2007-12-07 13:57:04,False,False,1914895.654037397,1,0,0.592165898618,True,14,14,0,28,60,867,45,10,40,50,3.40243902439,9.9,1302,771,False
17656600,96.7,9.21,1117096220,2,2008-11-26 18:59:35,False,False,19968632.243107095,1,0,0.619784656797,True,9,9,0,23,66,443,69,10,20,70,0.553705245629,9.3,1486,921,False
19230427,88.47368421052632,5.87,1605236490,1,2009-01-20 10:53:18,True,False,18523937.51623184,1,0,0.546554934823,True,4,4,0,22,75,124,16,15,21,63,10.4090909091,9.1,1074,587,False
20731719,75.6875,5.46,2848470,1,2009-02-12 23:32:13,False,False,41842.772284647246,1,0,0.63785046729,True,13,11,2,0,88,603,100,0,100,0,53.3157894737,7.9,856,546,False
21196037,64.5,5.8,1513881666,4,2009-02-18 13:40:55,False,False,16365474.64258208,1,0,0.759825327511,True,10,4,0,10,6,90,15,10,75,15,7.3488372093,8.3,687,522,False
21375100,128.85,11.26,1787690670,1,2009-02-20 04:51:31,False,False,651458.4473312534,1,0,0.611956521739,True,6,4,0,8,90,263,55,40,35,25,0.609865470852,9.5,1840,1126,False
21706899,45.0,5.0,69057723000,1,2009-02-23 23:25:12,True,False,69055923.0,1,0,1.0,True,6,4,2,0,0,2,1,50,50,0,55.9090909091,8.8,10,10,False
25836383,89.5,7.42,1779226700,4,2009-03-22 16:10:49,False,False,23711455.29379623,1,0,0.594551282051,True,10,10,0,1,33,668,86,5,60,35,3.40119760479,9.1,1248,742,False
26778002,101.3,7.77,966799930,1,2009-03-26 15:50:25,False,False,8739519.078866316,1,0,0.525354969574,True,11,11,0,9,97,2227,89,5,10,85,5.42458100559,8.8,1479,777,False
27662686,50.9,5.23636363636,3624161600,3,2009-03-30 15:44:58,True,False,35497721.20377637,1,0,0.469055374593,True,8,8,0,1,39,55,3,0,35,65,2.70588235294,7.5,614,288,False
28222509,51.2,3.13,2912400,1,2009-04-01 23:12:44,True,False,4330.658955632503,1,0,0.569090909091,True,10,10,0,0,0,615,100,0,100,0,85.4,8.7,550,313,False
28265406,47.4,2.99,8776480,1,2009-04-02 02:49:56,True,False,39979.62385125078,1,0,0.548623853211,True,6,5,1,0,0,175,100,0,100,0,63.1904761905,8.2,545,299,False
28843786,67.0,7.95833333333,6329952750,1,2009-04-04 18:31:17,True,False,11289846.256552892,1,0,0.812765957447,True,11,11,0,7,16,24,3,20,55,25,27.1,8.0,235,191,False
29940598,70.45,4.26923076923,3072583397,6,2009-04-09 07:11:35,False,False,52517398.214003414,1,0,0.617810760668,True,11,8,0,25,28,78,63,5,40,55,32.7,10.7,539,333,False
30428221,97.77777777777777,7.02,1293112980,1,2009-04-11 10:00:34,True,False,10192331.322916716,1,0,0.608846487424,True,9,7,2,35,53,804,33,33,44,22,2.7247706422,9.2,1153,702,False
31776715,43.0,5.4,8263230600,3,2009-04-16 13:16:47,True,False,15715803.646064283,1,0,0.870967741935,True,6,6,0,0,3,5,1,0,60,40,62.2631578947,8.3,31,27,False
32179000,60.73684210526316,6.55,6521651600,2,2009-04-16 22:20:49,True,False,50847076.73443114,1,0,0.909722222222,True,10,10,0,0,5,21,13,0,78,21,14.2105263158,8.6,144,131,False
33438880,50.285714285714285,8.14285714286,2503598142,1,2009-04-20 05:38:07,True,False,5833981.737022609,1,0,0.904761904762,True,10,10,0,0,1,7,0,14,28,57,20.125,7.2,63,57,False
33869550,78.66666666666667,9.44444444444,14513290888,2,2009-04-21 10:42:17,True,False,38704641.59462663,1,0,0.833333333333,True,8,8,0,4,7,9,4,0,88,11,4.21739130435,10.0,102,85,False
34589722,27.0,5.0,0,1,2009-04-23 11:38:30,True,False,0.0,1,0,1.0,True,12,7,5,0,1,1,0,0,100,0,38.5,3.1,5,5,False
34762630,82.2,8.93103448276,2467975068,2,2009-04-23 23:02:23,False,False,22430403.518378295,1,0,0.553418803419,True,8,8,0,0,3,29,3,10,40,50,20.8630136986,8.3,468,259,False
35008954,63.0,6.14,146083530,1,2009-04-24 19:10:05,True,False,7104719.391401437,1,0,0.553153153153,True,10,10,0,100,1,358,9,0,100,0,89.4545454545,5.9,1110,614,False
35959749,94.8,7.46,2116440,2,2009-04-28 02:35:07,False,False,20017.740961706942,1,41,0.537077033837,True,11,11,0,25,79,8562,52,0,20,80,0.186954771172,10.1,1389,746,False
36299291,51.65,3.74,350442510,1,2009-04-29 05:49:36,False,False,5080025.987453042,1,0,0.751004016064,True,11,11,0,20,30,1445,97,10,80,10,21.8358208955,8.9,498,374,False
37384589,99.16666666666667,9.11,21257210,1,2009-05-03 07:35:13,False,False,308706.9085767725,1,0,0.616790792146,True,11,7,4,48,100,533,82,5,66,27,0.844444444444,10.7,1477,911,False
38021637,92.0,15.0,0,1,2009-05-05 21:12:34,False,False,0.0,1,0,0.9375,True,6,4,2,0,0,1,0,0,100,0,73.9473684211,3.1,16,15,False
38520305,86.15,7.55,124644090,2,2009-05-07 21:22:37,True,False,2902400.6133938585,1,0,0.587548638132,True,9,9,0,85,19,170,12,0,95,5,42.2857142857,6.2,1285,755,False
39328305,129.3,8.62,751075020,1,2009-05-11 20:03:58,False,False,9236294.416159863,1,0,0.557567917206,True,13,13,0,69,87,343,59,5,25,70,0.808333333333,11.0,1546,862,False
40010436,67.76923076923077,7.61538461538,14205900923,5,2009-05-14 15:00:33,False,False,56665652.57727981,1,0,0.831932773109,True,9,9,0,1,3,13,11,15,69,15,8.42105263158,9.9,119,99,False
42570158,51.4,3.03,17459250,1,2009-05-26 05:13:37,False,False,237276.1347669841,1,0,0.548913043478,True,11,8,1,0,0,125,100,0,100,0,28.59375,8.3,552,303,False
44091292,44.05,6.25806451613,4211269709,6,2009-06-02 09:36:51,False,False,29551975.858326674,1,0,0.798353909465,True,8,6,2,2,5,31,9,0,65,35,27.5,6.9,243,194,False
46071929,130.05,3.2,397514270,1,2009-06-10 09:05:20,False,False,96226.2830053593,1,5,0.221606648199,True,7,7,0,92,1,2271,100,5,65,30,0.558823529412,8.3,1444,320,False
46553408,56.75,6.5,26868882250,2,2009-06-12 02:06:08,True,False,46484479.65901654,1,0,0.896551724138,True,6,6,0,0,0,4,3,0,75,25,118.6,10.4,29,26,False
47497854,13.0,3.0,0,1,2009-06-16 00:59:23,True,False,0.0,1,0,1.0,True,9,5,3,0,0,1,0,0,100,0,77.0769230769,3.1,3,3,False
47722321,41.666666666666664,2.22222222222,688777888,2,2009-06-16 19:41:26,True,False,1699649.7840226446,1,0,0.540540540541,True,10,6,4,0,0,9,9,0,88,11,49.3333333333,10.9,37,20,False
48109055,55.5,2.96666666667,6542133,1,2009-06-17 20:46:13,True,False,8090.194289848668,1,0,0.505681818182,True,10,8,2,0,0,30,30,0,100,0,67.1333333333,8.5,176,89,False
48336195,48.25,3.02,7658980,1,2009-06-18 12:40:27,True,False,30110.342656469387,1,0,0.56660412758,True,12,6,1,0,0,173,100,0,95,5,84.7333333333,8.8,533,302,False
48638750,93.0,5.36,622531640,2,2009-06-19 07:13:00,False,False,6609373.821424714,1,1,0.332300061996,True,15,15,0,1,9,488,91,0,95,5,7.10303030303,10.9,1613,536,False
50055682,79.2,9.5306122449,484837000,1,2009-06-23 18:24:00,False,False,4972997.610512791,1,0,0.59795134443,True,10,6,4,0,3,49,1,10,45,45,42.9230769231,6.8,781,467,False
50342870,64.0,12.0,0,1,2009-06-24 15:53:49,True,False,0.0,1,0,1.0,True,10,10,0,0,0,1,0,0,0,100,60.0,8.8,12,12,False
50449844,81.15,6.79,1341910950,6,2009-06-24 21:39:01,False,False,36806562.71433004,1,0,0.695696721311,True,7,7,0,7,13,680,96,0,50,50,21.4032258065,11.7,976,679,False
50660716,130.0,9.94,17191130,1,2009-06-25 14:31:38,True,False,176140.90655436405,1,0,0.716654650324,True,7,7,0,58,100,340,78,5,72,22,88.9473684211,10.6,1387,994,False
51184465,54.0,5.22222222222,12405107888,3,2009-06-26 19:13:47,False,False,33772414.97476579,1,0,0.824561403509,True,7,4,3,0,0,9,8,0,77,22,31.5,10.1,57,47,False
52346698,64.5,6.0,159738750,1,2009-06-30 08:49:38,True,False,254027.0486812133,1,0,0.8,True,9,9,0,0,0,4,4,0,100,0,82.4285714286,12.2,30,24,False
54047372,12.0,2.0,0,1,2009-07-05 23:58:09,True,False,0.0,1,0,1.0,True,10,10,0,0,0,1,0,0,100,0,258.5,0,2,2,False
54244742,51.63157894736842,7.19,733116300,1,2009-07-06 15:59:33,True,False,12141304.891619273,1,0,0.631810193322,True,12,12,0,10,70,140,33,0,100,0,10.3888888889,9.5,1138,719,False
55398486,98.6,5.8,8674190,1,2009-07-09 23:24:18,False,False,77137.18979213269,1,6,0.407876230661,True,9,9,0,7,100,4400,100,0,100,0,3.58490566038,8.2,1422,580,False
55639200,32.81818181818182,5.18181818182,3853943909,3,2009-07-10 19:11:48,True,False,15687238.128410248,1,0,0.934426229508,True,8,8,0,0,1,11,0,0,90,9,66.4,5.8,61,57,False
55825155,110.08333333333333,12.0,6357073416,1,2009-07-11 12:58:07,False,False,31126825.41776095,1,0,0.774193548387,True,10,10,0,0,6,12,2,0,100,0,57.4,11.8,186,144,False
55962452,51.22222222222222,5.05555555556,12930043833,2,2009-07-11 23:40:39,False,False,52532173.2057725,1,0,0.614864864865,True,11,11,0,0,0,19,4,16,61,22,62.0,6.9,148,91,False
56163699,25.0,4.0,51845571500,1,2009-07-12 19:03:49,True,False,51845571.5,1,0,1.0,True,7,5,2,0,0,2,1,0,50,50,83.1428571429,8.8,8,8,False
56232036,103.65,6.45,1036380040,1,2009-07-13 00:14:02,False,False,4920532.962572311,1,0,0.631733594515,True,6,4,1,77,39,338,61,0,70,30,6.84337349398,9.8,1021,645,False
56484656,90.2,9.13043478261,3870242173,1,2009-07-13 20:36:40,True,False,7660199.1948038265,1,0,0.632530120482,True,9,9,0,0,16,23,7,5,90,5,27.0,11.0,332,210,False
57475867,55.0,3.51,5392050,1,2009-07-16 23:06:42,True,False,42746.06209348412,1,0,0.63357400722,True,12,6,6,0,0,578,100,0,100,0,68.8461538462,8.0,554,351,False
57757511,79.92857142857143,9.28571428571,11204495714,5,2009-07-17 21:06:45,False,False,40084174.2636412,1,0,0.78313253012,True,12,10,2,5,14,14,3,0,100,0,5.71428571429,9.9,166,130,False
58384179,54.125,8.625,8044885625,1,2009-07-20 04:02:18,False,False,27402826.480336756,1,0,0.971830985915,True,9,9,0,0,1,8,2,25,75,0,67.125,8.8,71,69,False
59568791,84.27272727272727,9.81818181818,10707543818,3,2009-07-23 19:50:23,False,False,32240122.510164905,1,0,0.782608695652,True,12,11,1,0,0,11,10,9,27,63,54.8,9.8,138,108,False
59989426,69.42105263157895,4.64,147373060,2,2009-07-25 05:21:27,True,False,3061734.7454811223,1,0,0.474437627812,True,12,2,2,8,63,3088,2,15,42,42,5.66355140187,6.5,978,464,False
60018650,77.75,9.33333333333,5108739047,2,2009-07-25 08:52:26,True,False,31279137.766594175,1,0,0.671232876712,True,11,11,0,0,5,21,5,25,30,45,36.375,8.8,292,196,False
60257479,86.9,9.56756756757,611886567,1,2009-07-26 07:24:39,True,False,2738276.6091306517,1,0,0.783185840708,True,9,9,0,20,4,48,3,0,100,0,39.8571428571,6.0,452,354,False
60346119,106.2,9.26,49196200,1,2009-07-26 17:04:45,False,False,220481.71951376717,1,0,0.576587795766,True,13,13,0,12,0,1953,86,0,90,10,2.34699453552,11.0,1606,926,False
60375971,66.36363636363636,6.81818181818,507672909,2,2009-07-26 19:27:26,True,False,1516021.647414668,1,0,0.773195876289,True,10,7,3,0,0,11,11,0,72,27,77.8333333333,9.5,97,75,False
61858165,82.8,10.4,4650850000,2,2009-07-31 19:49:58,True,False,13326668.477864286,1,0,0.825396825397,True,9,4,5,0,0,10,10,0,40,60,265.0,9.1,126,104,False
62204600,91.55,9.81,2491162460,4,2009-08-02 05:30:47,False,False,46305991.242926516,1,0,0.626037013401,True,13,13,0,19,52,121,28,0,85,15,1.64516129032,9.0,1567,981,False
63417814,114.6,9.41,1424693210,2,2009-08-06 08:28:57,True,False,40728937.49594321,1,0,0.492928234678,True,9,9,0,17,23,109,4,5,75,20,11.6554621849,8.9,1909,941,False
64891773,92.46666666666667,10.6,7391860600,3,2009-08-12 01:27:30,True,False,30698399.57982007,1,0,0.648979591837,True,8,4,4,0,9,15,0,0,93,6,43.9583333333,13.2,245,159,False
65319316,35.0,3.0,0,1,2009-08-13 08:48:29,True,False,0.0,1,0,1.0,True,11,11,0,0,0,1,0,0,100,0,47.6153846154,8.8,3,3,False
66618364,41.0,6.05882352941,3592046411,1,2009-08-18 06:50:56,False,False,20655869.724726398,1,0,0.751824817518,True,10,10,0,0,4,17,0,29,41,29,54.2083333333,5.5,137,103,False
66618584,67.0,8.5,3811568000,1,2009-08-18 06:52:28,True,False,3813368.0,1,0,0.944444444444,True,11,5,0,0,0,2,2,50,0,50,71.0,7.8,18,17,False
66984417,117.65,6.71,65025230,2,2009-08-19 12:19:11,True,False,442065.27773198835,1,0,0.410146699267,True,8,8,0,0,25,28960,100,0,100,0,5.69381107492,12.9,1636,671,False
67828913,10.0,3.0,0,1,2009-08-22 06:06:50,True,False,0.0,1,0,1.0,True,8,6,2,0,0,1,0,0,100,0,83.4285714286,3.1,3,3,False
67856562,53.22222222222222,5.11111111111,5018805000,3,2009-08-22 09:38:06,True,False,12953500.982922653,1,0,0.80701754386,True,10,10,0,0,1,9,8,11,88,0,75.7647058824,10.3,57,46,False
67946273,39.166666666666664,5.5,203790333,1,2009-08-22 18:11:16,True,False,521949.2571683147,1,0,0.785714285714,True,7,7,0,0,4,6,0,0,100,0,45.6666666667,8.8,42,33,False
68524294,85.7,6.6,11285312600,1,2009-08-24 22:10:55,True,False,42025135.85626025,1,0,0.536585365854,True,11,11,0,0,1,10,9,30,40,30,52.0909090909,7.2,123,66,False
69137598,85.5,4.0,750002000,1,2009-08-26 23:51:27,True,False,750002.0,1,0,1.0,True,9,9,0,0,0,2,0,0,100,0,35.375,7.2,8,8,False
69412978,88.15,6.37,1221849320,2,2009-08-27 21:42:13,False,False,6657414.599182082,1,0,0.527317880795,True,14,14,0,35,31,361,88,5,80,15,2.40880503145,10.6,1208,637,False
70277715,68.6842105263158,8.51666666667,561251850,3,2009-08-31 02:03:41,True,False,4514103.767717597,1,0,0.687752355316,True,13,11,2,26,8,84,19,0,100,0,100.214285714,7.1,743,511,False
70468385,63.3,4.95,1235701140,1,2009-08-31 18:51:04,False,False,14065050.014599932,1,0,0.493027888446,True,13,11,1,1,1,189,85,10,60,30,15.4459459459,8.5,1004,495,False
72024595,90.63157894736842,8.21212121212,1413743969,3,2009-09-06 12:26:22,True,False,4448413.727985985,1,0,0.634660421546,True,9,6,3,0,1,34,33,15,42,42,46.6,8.3,427,271,False
72186699,107.05,10.56,269611650,2,2009-09-07 02:48:05,False,False,2454925.950954142,1,0,0.639225181598,True,14,14,0,11,6,3894,69,0,95,5,3.42352941176,8.3,1652,1056,False
72348749,81.35,8.97,726915240,3,2009-09-07 18:35:44,False,False,22929991.465913728,1,0,0.647186147186,True,9,9,0,65,69,243,84,5,75,20,22.0952380952,11.1,1386,897,False
72835654,79.4,7.17,1164729360,3,2009-09-09 12:02:07,True,False,22746779.52477851,1,0,0.562794348509,True,12,12,0,41,71,895,19,5,45,50,9.43442622951,9.6,1274,717,False
72849399,46.05,4.0,4768981807,1,2009-09-09 13:17:11,False,False,1315894.9757086725,1,0,0.818897637795,True,9,9,0,0,4,28,21,0,85,15,69.875,7.4,127,104,False
72852291,71.15,5.35,211684550,1,2009-09-09 13:31:15,True,False,1604094.1098121363,1,0,0.91452991453,True,9,7,2,11,0,20,20,0,95,5,106.615384615,8.2,117,107,False
